

TIME =   1.000e+00

Nodal Displacements

 Node          U1          U2          U3
    1  -9.460e-02   0.000e+00   0.000e+00
    2  -9.466e-02   0.000e+00   0.000e+00
    3  -9.020e-02   0.000e+00  -6.230e-05
    4  -9.017e-02   0.000e+00  -1.586e-04
    5  -9.390e-02   0.000e+00  -1.600e-04
    6  -9.266e-02   0.000e+00  -1.588e-04
    7  -9.189e-02   0.000e+00  -1.550e-04
    8  -9.135e-02   0.000e+00  -1.544e-04
    9  -9.090e-02   0.000e+00  -1.528e-04
   10  -9.047e-02   0.000e+00  -1.564e-04
   11  -9.008e-02   0.000e+00  -1.530e-04
   12  -9.004e-02   0.000e+00  -1.010e-04
   13  -9.043e-02   0.000e+00  -9.194e-05
   14  -9.086e-02   0.000e+00  -8.912e-05
   15  -9.131e-02   0.000e+00  -8.205e-05
   16  -9.185e-02   0.000e+00  -6.391e-05
   17  -9.261e-02   0.000e+00  -1.744e-05
   18  -9.385e-02   0.000e+00   7.248e-05
   19  -9.061e-02   7.961e-04   0.000e+00
   20  -8.066e-02   3.027e-03   0.000e+00
   21  -6.799e-02   7.468e-03   0.000e+00
   22  -5.434e-02   1.429e-02   0.000e+00
   23  -4.087e-02   2.332e-02   0.000e+00
   24  -2.857e-02   3.408e-02   0.000e+00
   25  -1.819e-02   4.578e-02   0.000e+00
   26  -1.023e-02   5.743e-02   0.000e+00
   27  -4.826e-03   6.795e-02   0.000e+00
   28  -1.737e-03   7.631e-02   0.000e+00
   29  -3.987e-04   8.168e-02   0.000e+00
   30   0.000e+00   8.353e-02   0.000e+00
   31  -9.049e-02  -3.956e-04   0.000e+00
   32  -8.021e-02   1.287e-03   0.000e+00
   33  -6.718e-02   5.491e-03   0.000e+00
   34  -5.318e-02   1.226e-02   0.000e+00
   35  -3.941e-02   2.140e-02   0.000e+00
   36  -2.689e-02   3.240e-02   0.000e+00
   37  -1.643e-02   4.444e-02   0.000e+00
   38  -8.558e-03   5.648e-02   0.000e+00
   39  -3.397e-03   6.738e-02   0.000e+00
   40  -6.965e-04   7.605e-02   0.000e+00
   41   1.482e-04   8.164e-02   0.000e+00
   42   0.000e+00   8.356e-02   0.000e+00
   43  -9.006e-02  -3.353e-04  -9.631e-05
   44  -8.016e-02   1.272e-03  -4.211e-06
   45  -6.725e-02   5.440e-03   3.569e-05
   46  -5.324e-02   1.221e-02   4.234e-05
   47  -3.944e-02   2.137e-02   3.257e-05
   48  -2.690e-02   3.239e-02   1.903e-05
   49  -1.643e-02   4.445e-02   7.705e-06
   50  -8.554e-03   5.649e-02   4.947e-07
   51  -3.395e-03   6.739e-02  -2.971e-06
   52  -6.959e-04   7.606e-02  -4.312e-06
   53   1.481e-04   8.164e-02  -5.119e-06
   54   0.000e+00   8.356e-02  -5.888e-06
   55  -8.927e-02  -2.505e-04  -1.009e-04
   56  -8.007e-02   1.233e-03   3.927e-06
   57  -6.745e-02   5.290e-03   6.605e-05
   58  -5.344e-02   1.206e-02   7.850e-05
   59  -3.955e-02   2.127e-02   6.207e-05
   60  -2.694e-02   3.236e-02   3.747e-05
   61  -1.643e-02   4.446e-02   1.600e-05
   62  -8.547e-03   5.652e-02   1.775e-06
   63  -3.390e-03   6.742e-02  -5.493e-06
   64  -6.948e-04   7.608e-02  -8.308e-06
   65   1.483e-04   8.165e-02  -9.261e-06
   66   0.000e+00   8.358e-02  -1.039e-05
   67  -8.875e-02  -2.275e-04  -1.062e-04
   68  -8.006e-02   1.153e-03  -9.682e-06
   69  -6.772e-02   5.096e-03   6.436e-05
   70  -5.371e-02   1.185e-02   8.986e-05
   71  -3.971e-02   2.114e-02   7.869e-05
   72  -2.700e-02   3.231e-02   5.143e-05
   73  -1.644e-02   4.448e-02   2.369e-05
   74  -8.537e-03   5.657e-02   3.636e-06
   75  -3.382e-03   6.747e-02  -7.370e-06
   76  -6.927e-04   7.612e-02  -1.186e-05
   77   1.479e-04   8.167e-02  -1.339e-05
   78   0.000e+00   8.359e-02  -1.466e-05
   79  -8.838e-02  -2.208e-04  -1.150e-04
   80  -8.004e-02   1.084e-03  -2.671e-05
   81  -6.793e-02   4.930e-03   5.384e-05
   82  -5.396e-02   1.165e-02   9.256e-05
   83  -3.988e-02   2.099e-02   9.025e-05
   84  -2.707e-02   3.225e-02   6.388e-05
   85  -1.646e-02   4.450e-02   3.211e-05
   86  -8.529e-03   5.663e-02   6.984e-06
   87  -3.374e-03   6.752e-02  -7.955e-06
   88  -6.902e-04   7.616e-02  -1.465e-05
   89   1.473e-04   8.170e-02  -1.697e-05
   90   0.000e+00   8.361e-02  -1.824e-05
   91  -8.804e-02  -2.148e-04  -1.181e-04
   92  -7.997e-02   1.038e-03  -3.701e-05
   93  -6.808e-02   4.800e-03   4.412e-05
   94  -5.418e-02   1.148e-02   9.133e-05
   95  -4.006e-02   2.084e-02   9.651e-05
   96  -2.716e-02   3.217e-02   7.257e-05
   97  -1.648e-02   4.449e-02   3.898e-05
   98  -8.525e-03   5.667e-02   1.017e-05
   99  -3.367e-03   6.759e-02  -7.892e-06
  100  -6.883e-04   7.621e-02  -1.617e-05
  101   1.467e-04   8.173e-02  -1.937e-05
  102   0.000e+00   8.363e-02  -2.070e-05
  103  -8.771e-02  -2.042e-04  -1.223e-04
  104  -7.986e-02   1.011e-03  -4.617e-05
  105  -6.817e-02   4.702e-03   3.462e-05
  106  -5.436e-02   1.133e-02   8.645e-05
  107  -4.022e-02   2.069e-02   9.788e-05
  108  -2.726e-02   3.208e-02   7.799e-05
  109  -1.652e-02   4.448e-02   4.512e-05
  110  -8.533e-03   5.671e-02   1.517e-05
  111  -3.369e-03   6.763e-02  -4.050e-06
  112  -6.930e-04   7.624e-02  -1.317e-05
  113   1.426e-04   8.174e-02  -1.757e-05
  114   0.000e+00   8.364e-02  -2.004e-05
  115  -8.740e-02  -1.912e-04  -1.193e-04
  116  -7.973e-02   9.971e-04  -4.709e-05
  117  -6.822e-02   4.631e-03   3.031e-05
  118  -5.451e-02   1.120e-02   8.251e-05
  119  -4.037e-02   2.056e-02   9.659e-05
  120  -2.736e-02   3.200e-02   7.896e-05
  121  -1.656e-02   4.445e-02   4.691e-05
  122  -8.548e-03   5.673e-02   1.664e-05
  123  -3.377e-03   6.766e-02  -3.600e-06
  124  -7.023e-04   7.625e-02  -1.352e-05
  125   1.353e-04   8.174e-02  -1.694e-05
  126   0.000e+00   8.363e-02  -2.233e-05
  127  -8.753e-02  -2.392e-04  -5.566e-05
  128  -7.993e-02   8.982e-04   1.621e-06
  129  -6.848e-02   4.480e-03   6.345e-05
  130  -5.475e-02   1.104e-02   9.889e-05
  131  -4.052e-02   2.045e-02   9.697e-05
  132  -2.739e-02   3.199e-02   6.523e-05
  133  -1.651e-02   4.457e-02   2.177e-05
  134  -8.450e-03   5.695e-02  -1.707e-05
  135  -3.283e-03   6.794e-02  -4.332e-05
  136  -6.349e-04   7.655e-02  -5.690e-05
  137   1.695e-04   8.203e-02  -6.107e-05
  138   0.000e+00   8.391e-02  -5.442e-05
  139  -8.759e-02   5.157e-04  -1.385e-04
  140  -8.028e-02   2.299e-03  -8.513e-05
  141  -6.923e-02   6.332e-03  -2.109e-05
  142  -5.592e-02   1.309e-02   3.247e-05
  143  -4.206e-02   2.245e-02   6.339e-05
  144  -2.915e-02   3.375e-02   7.135e-05
  145  -1.832e-02   4.595e-02   6.372e-05
  146  -1.015e-02   5.791e-02   5.008e-05
  147  -4.707e-03   6.851e-02   3.769e-05
  148  -1.658e-03   7.680e-02   2.946e-05
  149  -3.653e-04   8.208e-02   2.547e-05
  150   0.000e+00   8.389e-02   2.749e-05
  151  -8.746e-02   5.730e-04  -7.820e-05
  152  -8.008e-02   2.414e-03  -3.172e-05
  153  -6.897e-02   6.490e-03   1.955e-05
  154  -5.568e-02   1.325e-02   5.631e-05
  155  -4.190e-02   2.255e-02   6.956e-05
  156  -2.911e-02   3.374e-02   6.150e-05
  157  -1.837e-02   4.582e-02   4.142e-05
  158  -1.024e-02   5.768e-02   1.913e-05
  159  -4.800e-03   6.823e-02   1.069e-06
  160  -1.727e-03   7.650e-02  -1.058e-05
  161  -4.024e-04   8.179e-02  -1.652e-05
  162   0.000e+00   8.361e-02  -2.154e-05
  163  -8.778e-02   5.835e-04  -7.161e-05
  164  -8.022e-02   2.457e-03  -2.770e-05
  165  -6.893e-02   6.584e-03   2.130e-05
  166  -5.554e-02   1.338e-02   5.539e-05
  167  -4.175e-02   2.268e-02   6.672e-05
  168  -2.900e-02   3.382e-02   5.809e-05
  169  -1.832e-02   4.584e-02   3.837e-05
  170  -1.022e-02   5.766e-02   1.686e-05
  171  -4.792e-03   6.820e-02  -5.358e-07
  172  -1.721e-03   7.649e-02  -1.203e-05
  173  -3.962e-04   8.179e-02  -1.876e-05
  174   0.000e+00   8.361e-02  -2.211e-05
  175  -8.812e-02   6.007e-04  -7.050e-05
  176  -8.034e-02   2.518e-03  -2.690e-05
  177  -6.885e-02   6.704e-03   2.053e-05
  178  -5.536e-02   1.354e-02   5.263e-05
  179  -4.157e-02   2.282e-02   6.263e-05
  180  -2.889e-02   3.390e-02   5.408e-05
  181  -1.827e-02   4.585e-02   3.581e-05
  182  -1.021e-02   5.763e-02   1.628e-05
  183  -4.791e-03   6.815e-02   7.614e-07
  184  -1.719e-03   7.646e-02  -9.360e-06
  185  -3.940e-04   8.178e-02  -1.506e-05
  186   0.000e+00   8.361e-02  -1.753e-05
  187  -8.845e-02   6.288e-04  -6.338e-05
  188  -8.042e-02   2.604e-03  -2.321e-05
  189  -6.871e-02   6.855e-03   2.023e-05
  190  -5.514e-02   1.371e-02   4.892e-05
  191  -4.139e-02   2.296e-02   5.707e-05
  192  -2.879e-02   3.396e-02   4.850e-05
  193  -1.823e-02   4.585e-02   3.175e-05
  194  -1.021e-02   5.758e-02   1.446e-05
  195  -4.798e-03   6.809e-02   9.078e-07
  196  -1.724e-03   7.641e-02  -7.832e-06
  197  -3.954e-04   8.175e-02  -1.275e-05
  198   0.000e+00   8.358e-02  -1.510e-05
  199  -8.884e-02   6.718e-04  -4.695e-05
  200  -8.046e-02   2.721e-03  -1.684e-05
  201  -6.850e-02   7.039e-03   1.777e-05
  202  -5.489e-02   1.390e-02   4.113e-05
  203  -4.121e-02   2.309e-02   4.726e-05
  204  -2.870e-02   3.401e-02   3.989e-05
  205  -1.821e-02   4.583e-02   2.588e-05
  206  -1.021e-02   5.752e-02   1.165e-05
  207  -4.808e-03   6.804e-02   6.964e-07
  208  -1.729e-03   7.637e-02  -6.272e-06
  209  -3.970e-04   8.172e-02  -1.021e-05
  210   0.000e+00   8.356e-02  -1.243e-05
  211  -8.936e-02   7.245e-04  -7.680e-06
  212  -8.048e-02   2.864e-03  -4.181e-06
  213  -6.824e-02   7.247e-03   1.241e-05
  214  -5.461e-02   1.410e-02   2.752e-05
  215  -4.103e-02   2.321e-02   3.230e-05
  216  -2.863e-02   3.405e-02   2.754e-05
  217  -1.820e-02   4.580e-02   1.794e-05
  218  -1.022e-02   5.747e-02   8.078e-06
  219  -4.817e-03   6.799e-02   4.906e-07
  220  -1.733e-03   7.634e-02  -4.409e-06
  221  -3.982e-04   8.170e-02  -7.105e-06
  222   0.000e+00   8.355e-02  -8.639e-06
  223  -9.018e-02   7.678e-04   4.445e-05
  224  -8.060e-02   2.983e-03   1.615e-05
  225  -6.805e-02   7.412e-03   1.393e-05
  226  -5.440e-02   1.424e-02   1.736e-05
  227  -4.091e-02   2.329e-02   1.795e-05
  228  -2.858e-02   3.407e-02   1.457e-05
  229  -1.819e-02   4.578e-02   9.297e-06
  230  -1.023e-02   5.744e-02   4.131e-06
  231  -4.824e-03   6.796e-02   2.662e-07
  232  -1.736e-03   7.632e-02  -2.148e-06
  233  -3.988e-04   8.169e-02  -3.557e-06
  234   0.000e+00   8.354e-02  -4.210e-06

Element Stress

        S11         S22         S33         S12         S23         S13
Element     1
 -3.636e+02  -1.138e+04  -6.258e+03   1.402e+03   7.730e+01   3.931e+02
 -3.344e+02  -7.743e+03  -4.465e+03   1.040e+03  -1.419e+00   3.765e+02
 -2.762e+02  -8.441e+02  -1.060e+03   3.549e+02  -1.718e+02   3.492e+02
 -2.141e+02   6.059e+03   2.353e+03  -3.303e+02  -3.698e+02   3.271e+02
 -1.798e+02   9.702e+03   4.156e+03  -6.918e+02  -4.854e+02   3.177e+02
Element     2
  2.255e+02  -1.223e+04  -5.314e+03   1.487e+03   2.102e+02   7.367e+02
  2.537e+02  -8.393e+03  -3.712e+03   1.146e+03   1.265e+02   5.843e+02
  3.072e+02  -1.124e+03  -6.761e+02   5.001e+02  -5.524e+01   2.979e+02
  3.607e+02   6.145e+03   2.360e+03  -1.462e+02  -2.670e+02   1.498e+01
  3.889e+02   9.980e+03   3.962e+03  -4.871e+02  -3.908e+02  -1.329e+02
Element     3
 -1.007e+03  -6.440e+03  -3.876e+03   2.213e+03   4.622e+02   2.611e+02
 -8.399e+02  -4.434e+03  -2.810e+03   1.583e+03   2.197e+02   1.267e+02
 -5.182e+02  -6.285e+02  -7.792e+02   3.895e+02  -2.515e+02  -1.214e+02
 -1.916e+02   3.183e+03   1.262e+03  -8.041e+02  -7.378e+02  -3.606e+02
 -1.722e+01   5.195e+03   2.344e+03  -1.434e+03  -1.000e+03  -4.832e+02
Element     4
 -3.504e+02  -5.789e+03  -1.987e+03   1.915e+03  -8.316e+00   8.205e+02
 -1.990e+02  -4.058e+03  -1.342e+03   1.362e+03  -7.825e+01   5.769e+02
  8.797e+01  -7.773e+02  -1.185e+02   3.145e+02  -2.214e+02   1.210e+02
  3.749e+02   2.503e+03   1.105e+03  -7.331e+02  -3.785e+02  -3.275e+02
  5.263e+02   4.234e+03   1.750e+03  -1.286e+03  -4.670e+02  -5.611e+02
Element     5
 -1.097e+03  -2.772e+03  -1.271e+03   1.881e+03   2.552e+02   5.929e+02
 -8.072e+02  -1.917e+03  -8.593e+02   1.307e+03   1.050e+02   3.688e+02
 -2.565e+02  -2.950e+02  -7.543e+01   2.193e+02  -1.847e+02  -4.874e+01
  2.959e+02   1.329e+03   7.123e+02  -8.686e+02  -4.809e+02  -4.568e+02
  5.881e+02   2.186e+03   1.129e+03  -1.442e+03  -6.397e+02  -6.683e+02
Element     6
 -7.784e+02  -2.553e+03  -4.618e+02   1.764e+03   1.183e+02   9.246e+02
 -5.053e+02  -1.793e+03  -2.000e+02   1.233e+03   2.142e+01   6.399e+02
  1.239e+01  -3.523e+02   2.965e+02   2.254e+02  -1.668e+02   1.067e+02
  5.301e+02   1.089e+03   7.929e+02  -7.816e+02  -3.612e+02  -4.177e+02
  8.031e+02   1.849e+03   1.055e+03  -1.313e+03  -4.661e+02  -6.909e+02
Element     7
 -1.260e+03  -8.365e+02  -7.470e+01   1.365e+03   2.937e+02   7.670e+02
 -8.831e+02  -5.853e+02   6.007e+01   9.212e+02   1.541e+02   4.982e+02
 -1.692e+02  -1.089e+02   3.158e+02   7.978e+01  -1.116e+02  -4.185e+00
  5.449e+02   3.676e+02   5.718e+02  -7.616e+02  -3.786e+02  -4.974e+02
  9.216e+02   6.191e+02   7.070e+02  -1.205e+03  -5.199e+02  -7.539e+02
Element     8
 -9.960e+02  -7.300e+02   1.478e+02   1.363e+03   3.195e+02   9.092e+02
 -6.338e+02  -5.019e+02   2.623e+02   9.399e+02   1.815e+02   6.091e+02
  5.292e+01  -6.953e+01   4.793e+02   1.370e+02  -8.109e+01   4.700e+01
  7.396e+02   3.628e+02   6.962e+02  -6.658e+02  -3.449e+02  -5.065e+02
  1.102e+03   5.909e+02   8.107e+02  -1.089e+03  -4.846e+02  -7.949e+02
Element     9
 -1.248e+03   3.947e+02   4.192e+02   6.711e+02   4.305e+02   8.343e+02
 -8.624e+02   2.411e+02   4.222e+02   4.346e+02   2.621e+02   5.506e+02
 -1.326e+02  -5.052e+01   4.272e+02  -1.382e+01  -5.497e+01   1.882e+01
  5.966e+02  -3.425e+02   4.313e+02  -4.622e+02  -3.693e+02  -5.051e+02
  9.812e+02  -4.968e+02   4.330e+02  -6.988e+02  -5.340e+02  -7.784e+02
Element    10
 -1.041e+03   4.854e+02   3.552e+02   7.638e+02   5.128e+02   8.359e+02
 -6.588e+02   3.407e+02   3.884e+02   5.263e+02   3.290e+02   5.467e+02
  6.543e+01   6.623e+01   4.512e+02   7.608e+01  -1.740e+01   4.426e+00
  7.896e+02  -2.082e+02   5.141e+02  -3.742e+02  -3.611e+02  -5.302e+02
  1.172e+03  -3.530e+02   5.473e+02  -6.117e+02  -5.414e+02  -8.092e+02
Element    11
 -8.895e+02   1.176e+03   6.161e+02  -1.266e+02   5.873e+02   7.924e+02
 -6.160e+02   7.557e+02   5.302e+02  -9.810e+01   3.746e+02   5.250e+02
 -9.795e+01  -4.066e+01   3.668e+02  -4.407e+01  -2.403e+01   2.227e+01
  4.197e+02  -8.375e+02   2.024e+02   9.968e+00  -4.165e+02  -4.752e+02
  6.926e+02  -1.258e+03   1.153e+02   3.847e+01  -6.211e+02  -7.355e+02
Element    12
 -7.529e+02   1.300e+03   4.800e+02  -1.380e+01   6.406e+02   7.175e+02
 -4.723e+02   8.885e+02   4.264e+02   6.832e+00   4.208e+02   4.616e+02
  5.973e+01   1.076e+02   3.249e+02   4.594e+01   8.908e+00  -1.927e+01
  5.917e+02  -6.733e+02   2.234e+02   8.505e+01  -3.969e+02  -4.948e+02
  8.723e+02  -1.085e+03   1.699e+02   1.057e+02  -6.086e+02  -7.435e+02
Element    13
 -1.583e+02   1.527e+03   7.349e+02  -9.214e+02   6.990e+02   6.762e+02
 -1.347e+02   9.801e+02   5.595e+02  -6.196e+02   4.514e+02   4.488e+02
 -9.036e+01  -5.699e+01   2.266e+02  -4.769e+01  -1.149e+01   1.905e+01
 -4.624e+01  -1.094e+03  -1.069e+02   5.243e+02  -4.660e+02  -4.089e+02
 -2.306e+01  -1.642e+03  -2.830e+02   8.260e+02  -7.023e+02  -6.340e+02
Element    14
 -6.648e+01   1.706e+03   6.375e+02  -8.206e+02   6.905e+02   5.682e+02
 -2.867e+01   1.157e+03   4.821e+02  -5.240e+02   4.542e+02   3.622e+02
  4.299e+01   1.155e+02   1.875e+02   3.826e+01   1.278e+01  -2.669e+01
  1.147e+02  -9.257e+02  -1.070e+02   6.005e+02  -4.200e+02  -4.136e+02
  1.525e+02  -1.475e+03  -2.624e+02   8.971e+02  -6.448e+02  -6.168e+02
Element    15
  9.040e+02   1.478e+03   8.684e+02  -1.540e+03   7.410e+02   5.166e+02
  5.588e+02   9.408e+02   5.975e+02  -1.022e+03   4.807e+02   3.437e+02
 -9.551e+01  -7.814e+01   8.372e+01  -4.081e+01  -5.509e+00   1.421e+01
 -7.500e+02  -1.097e+03  -4.302e+02   9.403e+02  -4.822e+02  -3.176e+02
 -1.095e+03  -1.635e+03  -7.014e+02   1.458e+03  -7.299e+02  -4.935e+02
Element    16
  9.643e+02   1.692e+03   8.380e+02  -1.475e+03   6.659e+02   4.069e+02
  6.359e+02   1.143e+03   5.743e+02  -9.552e+02   4.364e+02   2.591e+02
  1.339e+01   1.045e+02   7.439e+01   3.024e+01   9.057e+00  -2.271e+01
 -6.091e+02  -9.344e+02  -4.255e+02   1.016e+03  -4.083e+02  -3.064e+02
 -9.375e+02  -1.483e+03  -6.892e+02   1.536e+03  -6.244e+02  -4.568e+02
Element    17
  2.152e+03   1.145e+03   1.038e+03  -1.824e+03   7.057e+02   3.439e+02
  1.376e+03   7.221e+02   6.734e+02  -1.204e+03   4.588e+02   2.297e+02
 -9.662e+01  -8.034e+01  -1.776e+01  -2.723e+01  -2.273e+00   8.411e+00
 -1.569e+03  -8.827e+02  -7.089e+02   1.149e+03  -4.542e+02  -2.192e+02
 -2.345e+03  -1.306e+03  -1.073e+03   1.770e+03  -6.889e+02  -3.419e+02
Element    18
  2.190e+03   1.343e+03   1.056e+03  -1.806e+03   5.762e+02   2.531e+02
  1.428e+03   9.068e+02   6.905e+02  -1.176e+03   3.762e+02   1.623e+02
 -1.669e+01   7.983e+01  -2.218e+00   1.875e+01   4.541e+00  -1.442e+01
 -1.461e+03  -7.471e+02  -6.949e+02   1.213e+03  -3.572e+02  -1.971e+02
 -2.224e+03  -1.183e+03  -1.060e+03   1.844e+03  -5.441e+02  -2.959e+02
Element    19
  3.370e+03   6.645e+02   1.212e+03  -1.699e+03   5.996e+02   1.893e+02
  2.174e+03   4.082e+02   7.675e+02  -1.118e+03   3.897e+02   1.281e+02
 -9.418e+01  -7.764e+01  -7.564e+01  -1.784e+01  -2.505e+00   4.408e+00
 -2.362e+03  -5.634e+02  -9.187e+02   1.083e+03  -3.873e+02  -1.292e+02
 -3.558e+03  -8.197e+02  -1.363e+03   1.663e+03  -5.872e+02  -2.037e+02
Element    20
  3.390e+03   8.433e+02   1.253e+03  -1.724e+03   4.212e+02   1.172e+02
  2.206e+03   5.731e+02   8.045e+02  -1.125e+03   2.741e+02   7.594e+01
 -3.834e+01   6.079e+01  -4.542e+01   1.021e+01   1.643e+00  -9.681e+00
 -2.282e+03  -4.515e+02  -8.953e+02   1.146e+03  -2.623e+02  -1.049e+02
 -3.466e+03  -7.217e+02  -1.344e+03   1.745e+03  -3.982e+02  -1.590e+02
Element    21
  4.326e+03   2.229e+02   1.351e+03  -1.180e+03   4.292e+02   6.955e+01
  2.803e+03   1.223e+02   8.501e+02  -7.755e+02   2.790e+02   4.964e+01
 -8.398e+01  -6.843e+01  -1.001e+02  -8.978e+00  -2.134e+00   2.350e+00
 -2.971e+03  -2.591e+02  -1.050e+03   7.576e+02  -2.786e+02  -5.746e+01
 -4.494e+03  -3.597e+02  -1.551e+03   1.162e+03  -4.226e+02  -9.406e+01
Element    22
  4.332e+03   3.449e+02   1.379e+03  -1.242e+03   2.192e+02   2.151e+01
  2.817e+03   2.343e+02   8.747e+02  -8.133e+02   1.420e+02   1.468e+01
 -5.669e+01   2.457e+01  -8.045e+01  -3.962e-01   3.106e-05  -7.669e+00
 -2.930e+03  -1.851e+02  -1.036e+03   8.125e+02  -1.362e+02  -4.232e+01
 -4.446e+03  -2.958e+02  -1.539e+03   1.241e+03  -2.056e+02  -6.556e+01
Element    23
  4.845e+03   1.261e+01   1.435e+03  -4.016e+02   2.205e+02   6.577e-01
  3.150e+03   1.730e+00   9.062e+02  -2.630e+02   1.446e+02   4.595e+00
 -6.348e+01  -1.890e+01  -9.616e+01  -2.139e-01   1.706e+00   1.522e+00
 -3.277e+03  -3.954e+01  -1.098e+03   2.625e+02  -1.399e+02  -1.534e+01
 -4.972e+03  -5.043e+01  -1.627e+03   4.011e+02  -2.141e+02  -2.980e+01
Element    24
  4.825e+03   6.670e+00   1.414e+03  -4.661e+02   8.628e+00  -1.821e+01
  3.134e+03  -7.060e+00   8.863e+02  -3.060e+02   5.030e+00  -9.088e+00
 -7.220e+01  -3.309e+01  -1.149e+02  -2.358e+00   1.775e-02  -2.265e+00
 -3.278e+03  -5.911e+01  -1.116e+03   3.013e+02  -2.627e+00  -9.156e+00
 -4.970e+03  -7.284e+01  -1.644e+03   4.614e+02  -3.068e+00  -1.832e+01
Element    25
 -1.763e+02  -8.417e+03  -2.657e+03   9.425e+02  -1.699e+02   3.789e+01
 -1.516e+02  -5.488e+03  -1.993e+03   6.479e+02  -2.052e+02   3.575e+01
 -1.033e+02   6.565e+01  -7.316e+02   8.961e+01  -2.909e+02   3.519e+01
 -5.298e+01   5.622e+03   5.342e+02  -4.687e+02  -4.009e+02   3.919e+01
 -2.562e+01   8.553e+03   1.204e+03  -7.632e+02  -4.689e+02   4.314e+01
Element    26
  4.033e+02  -1.026e+04  -3.147e+03   8.336e+02   6.010e+02   6.000e+02
  4.246e+02  -6.890e+03  -2.224e+03   5.412e+02   3.766e+02   4.890e+02
  4.678e+02  -4.916e+02  -4.679e+02  -1.304e+01  -6.993e+01   2.808e+02
  5.149e+02   5.911e+03   1.296e+03  -5.673e+02  -5.443e+02   7.554e+01
  5.413e+02   9.290e+03   2.230e+03  -8.597e+02  -8.058e+02  -3.158e+01
Element    27
 -9.693e+02  -5.830e+03  -2.183e+03   1.803e+03   2.110e+02   1.293e+02
 -8.073e+02  -3.856e+03  -1.656e+03   1.192e+03  -5.052e+01   2.107e+01
 -4.969e+02  -1.106e+02  -6.503e+02   3.334e+01  -5.588e+02  -1.772e+02
 -1.823e+02   3.639e+03   3.651e+02  -1.125e+03  -1.083e+03  -3.666e+02
 -1.459e+01   5.619e+03   9.046e+02  -1.736e+03  -1.367e+03  -4.630e+02
Element    28
 -8.544e+00  -5.727e+03  -1.646e+03   1.651e+03   3.293e+02   6.494e+02
  1.411e+02  -3.868e+03  -1.105e+03   1.081e+03   8.296e+01   4.663e+02
  4.286e+02  -3.391e+02  -7.102e+01   1.191e+00  -3.957e+02   1.251e+02
  7.211e+02   3.195e+03   9.742e+02  -1.079e+03  -8.898e+02  -2.086e+02
  8.775e+02   5.061e+03   1.530e+03  -1.649e+03  -1.157e+03  -3.816e+02
Element    29
 -1.097e+03  -3.004e+03  -1.140e+03   1.803e+03   1.628e+02   6.225e+02
 -7.929e+02  -2.003e+03  -8.161e+02   1.183e+03  -4.141e+01   4.289e+02
 -2.144e+02  -1.058e+02  -1.990e+02   7.085e+00  -4.347e+02   6.934e+01
  3.659e+02   1.794e+03   4.222e+02  -1.169e+03  -8.360e+02  -2.802e+02
  6.728e+02   2.797e+03   7.516e+02  -1.789e+03  -1.051e+03  -4.606e+02
Element    30
 -5.786e+02  -2.622e+03  -5.014e+02   1.627e+03   3.267e+01   8.762e+02
 -3.044e+02  -1.802e+03  -2.517e+02   1.082e+03  -1.156e+02   6.154e+02
  2.168e+02  -2.470e+02   2.246e+02   4.907e+01  -4.018e+02   1.277e+02
  7.398e+02   1.310e+03   7.048e+02  -9.841e+02  -6.947e+02  -3.513e+02
  1.016e+03   2.132e+03   9.597e+02  -1.529e+03  -8.519e+02  -6.005e+02
Element    31
 -1.319e+03  -1.015e+03  -2.348e+02   1.373e+03   1.619e+02   8.270e+02
 -9.235e+02  -6.990e+02  -1.023e+02   8.938e+02   1.876e+01   5.631e+02
 -1.738e+02  -9.924e+01   1.487e+02  -1.405e+01  -2.541e+02   7.002e+01
  5.757e+02   5.004e+02   3.995e+02  -9.219e+02  -5.288e+02  -4.134e+02
  9.711e+02   8.167e+02   5.317e+02  -1.401e+03  -6.746e+02  -6.646e+02
Element    32
 -9.610e+02  -8.023e+02   3.702e+01   1.340e+03   1.541e+02   9.672e+02
 -5.930e+02  -5.466e+02   1.587e+02   9.036e+02   1.936e+01   6.622e+02
  1.048e+02  -6.185e+01   3.894e+02   7.658e+01  -2.372e+02   9.067e+01
  8.026e+02   4.231e+02   6.205e+02  -7.505e+02  -4.952e+02  -4.720e+02
  1.171e+03   6.789e+02   7.425e+02  -1.187e+03  -6.320e+02  -7.654e+02
Element    33
 -1.262e+03   3.491e+02   2.991e+02   6.767e+02   3.396e+02   9.132e+02
 -8.703e+02   2.021e+02   3.041e+02   4.331e+02   1.873e+02   6.170e+02
 -1.277e+02  -7.733e+01   3.120e+02  -2.883e+01  -9.943e+01   6.157e+01
  6.141e+02  -3.576e+02   3.179e+02  -4.907e+02  -3.835e+02  -4.859e+02
  1.005e+03  -5.058e+02   3.203e+02  -7.344e+02  -5.322e+02  -7.714e+02
Element    34
 -1.056e+03   4.721e+02   2.948e+02   7.558e+02   3.924e+02   9.165e+02
 -6.714e+02   3.286e+02   3.284e+02   5.163e+02   2.256e+02   6.108e+02
  5.717e+01   5.619e+01   3.912e+02   6.230e+01  -8.864e+01   3.729e+01
  7.853e+02  -2.166e+02   4.532e+02  -3.917e+02  -4.002e+02  -5.286e+02
  1.169e+03  -3.607e+02   4.855e+02  -6.312e+02  -5.635e+02  -8.240e+02
Element    35
 -8.795e+02   1.186e+03   5.706e+02  -1.409e+02   5.432e+02   8.472e+02
 -6.113e+02   7.551e+02   4.791e+02  -1.045e+02   3.464e+02   5.636e+02
 -1.035e+02  -6.163e+01   3.042e+02  -3.545e+01  -2.188e+01   3.010e+01
  4.035e+02  -8.792e+02   1.275e+02   3.357e+01  -3.840e+02  -4.982e+02
  6.706e+02  -1.311e+03   3.351e+01   6.999e+01  -5.725e+02  -7.747e+02
Element    36
 -7.708e+02   1.312e+03   4.664e+02  -2.213e+01   5.844e+02   7.680e+02
 -4.915e+02   8.951e+02   4.090e+02   1.711e+00   3.779e+02   4.972e+02
  3.770e+01   1.045e+02   2.994e+02   4.691e+01  -8.962e+00  -1.213e+01
  5.664e+02  -6.866e+02   1.889e+02   9.210e+01  -3.897e+02  -5.161e+02
  8.452e+02  -1.104e+03   1.302e+02   1.159e+02  -5.880e+02  -7.797e+02
Element    37
 -1.388e+02   1.540e+03   7.340e+02  -9.467e+02   6.889e+02   7.002e+02
 -1.262e+02   9.832e+02   5.499e+02  -6.343e+02   4.509e+02   4.611e+02
 -1.027e+02  -7.286e+01   2.001e+02  -4.228e+01   6.212e+00   8.938e+00
 -7.970e+01  -1.129e+03  -1.508e+02   5.498e+02  -4.299e+02  -4.415e+02
 -6.776e+01  -1.687e+03  -3.363e+02   8.621e+02  -6.565e+02  -6.785e+02
Element    38
 -8.124e+01   1.710e+03   6.417e+02  -8.374e+02   6.782e+02   5.849e+02
 -4.735e+01   1.157e+03   4.813e+02  -5.369e+02   4.479e+02   3.699e+02
  1.672e+01   1.091e+02   1.768e+02   3.255e+01   1.794e+01  -3.608e+01
  8.052e+01  -9.391e+02  -1.283e+02   6.020e+02  -4.033e+02  -4.401e+02
  1.141e+02  -1.492e+03  -2.895e+02   9.025e+02  -6.220e+02  -6.524e+02
Element    39
  9.311e+02   1.496e+03   8.908e+02  -1.558e+03   7.469e+02   5.181e+02
  5.757e+02   9.523e+02   6.117e+02  -1.032e+03   4.900e+02   3.394e+02
 -9.810e+01  -7.820e+01   8.238e+01  -3.592e+01   1.039e+01  -1.288e+00
 -7.721e+02  -1.109e+03  -4.474e+02   9.604e+02  -4.597e+02  -3.443e+02
 -1.128e+03  -1.653e+03  -7.270e+02   1.486e+03  -7.038e+02  -5.262e+02
Element    40
  9.590e+02   1.684e+03   8.455e+02  -1.491e+03   6.744e+02   4.026e+02
  6.269e+02   1.134e+03   5.779e+02  -9.688e+02   4.450e+02   2.515e+02
 -2.852e+00   9.272e+01   7.051e+01   2.110e+01   1.799e+01  -3.645e+01
 -6.327e+02  -9.490e+02  -4.371e+02   1.011e+03  -3.991e+02  -3.263e+02
 -9.649e+02  -1.498e+03  -7.050e+02   1.533e+03  -6.151e+02  -4.800e+02
Element    41
  2.174e+03   1.147e+03   1.057e+03  -1.833e+03   7.158e+02   3.353e+02
  1.390e+03   7.225e+02   6.877e+02  -1.210e+03   4.679e+02   2.197e+02
 -9.545e+01  -8.193e+01  -1.300e+01  -2.800e+01   5.064e+00  -4.351e+00
 -1.581e+03  -8.863e+02  -7.137e+02   1.154e+03  -4.486e+02  -2.348e+02
 -2.365e+03  -1.311e+03  -1.083e+03   1.777e+03  -6.843e+02  -3.590e+02
Element    42
  2.191e+03   1.343e+03   1.063e+03  -1.815e+03   5.824e+02   2.352e+02
  1.428e+03   9.050e+02   6.955e+02  -1.183e+03   3.824e+02   1.460e+02
 -1.815e+01   7.507e+01  -8.629e-01   1.539e+01   1.073e+01  -2.757e+01
 -1.464e+03  -7.548e+02  -6.972e+02   1.213e+03  -3.510e+02  -2.072e+02
 -2.227e+03  -1.193e+03  -1.065e+03   1.845e+03  -5.378e+02  -3.043e+02
Element    43
  3.379e+03   6.603e+02   1.221e+03  -1.698e+03   6.029e+02   1.748e+02
  2.181e+03   4.046e+02   7.745e+02  -1.118e+03   3.928e+02   1.158e+02
 -8.920e+01  -8.009e+01  -7.155e+01  -1.902e+01   2.409e-01  -3.625e+00
 -2.359e+03  -5.647e+02  -9.174e+02   1.080e+03  -3.849e+02  -1.330e+02
 -3.557e+03  -8.203e+02  -1.363e+03   1.660e+03  -5.851e+02  -2.053e+02
Element    44
  3.394e+03   8.274e+02   1.254e+03  -1.725e+03   4.238e+02   1.024e+02
  2.210e+03   5.576e+02   8.047e+02  -1.127e+03   2.768e+02   6.373e+01
 -3.496e+01   4.624e+01  -4.725e+01   7.695e+00   4.480e+00  -1.687e+01
 -2.280e+03  -4.651e+02  -8.991e+02   1.142e+03  -2.594e+02  -1.071e+02
 -3.464e+03  -7.348e+02  -1.348e+03   1.740e+03  -3.952e+02  -1.585e+02
Element    45
  4.325e+03   2.389e+02   1.361e+03  -1.182e+03   4.296e+02   5.787e+01
  2.805e+03   1.377e+02   8.596e+02  -7.769e+02   2.795e+02   4.065e+01
 -7.557e+01  -5.422e+01  -9.133e+01  -8.171e+00  -1.434e+00  -1.540e+00
 -2.956e+03  -2.460e+02  -1.042e+03   7.606e+02  -2.777e+02  -5.621e+01
 -4.476e+03  -3.472e+02  -1.544e+03   1.166e+03  -4.216e+02  -9.009e+01
Element    46
  4.337e+03   3.250e+02   1.389e+03  -1.236e+03   2.286e+02   1.957e+01
  2.822e+03   2.150e+02   8.833e+02  -8.091e+02   1.485e+02   1.398e+01
 -5.031e+01   6.408e+00  -7.613e+01   7.122e-01   9.359e-01  -6.022e+00
 -2.922e+03  -2.021e+02  -1.036e+03   8.106e+02  -1.408e+02  -3.831e+01
 -4.437e+03  -3.121e+02  -1.542e+03   1.238e+03  -2.133e+02  -6.030e+01
Element    47
  4.840e+03  -1.335e+01   1.441e+03  -4.003e+02   2.255e+02   1.327e+00
  3.146e+03  -2.405e+01   9.098e+02  -2.633e+02   1.467e+02   6.405e+00
 -6.677e+01  -4.431e+01  -9.713e+01  -3.479e+00  -1.731e+00   5.505e+00
 -3.279e+03  -6.456e+01  -1.104e+03   2.563e+02  -1.489e+02  -9.178e+00
 -4.974e+03  -7.523e+01  -1.635e+03   3.934e+02  -2.261e+02  -2.248e+01
Element    48
  4.842e+03   2.885e+01   1.449e+03  -4.755e+02   3.124e-01  -1.592e+01
  3.149e+03   1.462e+01   9.156e+02  -3.114e+02  -8.121e-01  -6.922e+00
 -6.125e+01  -1.238e+01  -9.546e+01  -2.391e-01  -1.066e+00  -3.362e-01
 -3.271e+03  -3.937e+01  -1.107e+03   3.109e+02   1.138e+00  -7.465e+00
 -4.965e+03  -5.362e+01  -1.640e+03   4.750e+02   3.292e+00  -1.675e+01
Element    49
 -1.676e+02  -7.704e+03  -2.390e+03   8.440e+02  -3.370e+01   1.987e+01
 -1.445e+02  -4.969e+03  -1.673e+03   5.709e+02  -5.295e+01   1.593e+01
 -9.954e+01   2.149e+02  -3.101e+02   5.321e+01  -1.067e+02   1.166e+01
 -5.328e+01   5.401e+03   1.055e+03  -4.645e+02  -1.830e+02   1.159e+01
 -2.834e+01   8.137e+03   1.777e+03  -7.376e+02  -2.323e+02   1.324e+01
Element    50
  2.503e+02  -8.311e+03  -2.596e+03   6.869e+02   2.959e+02   4.894e+02
  2.693e+02  -5.320e+03  -1.754e+03   4.341e+02   1.714e+02   3.721e+02
  3.067e+02   3.498e+02  -1.564e+02  -4.511e+01  -8.334e+01   1.517e+02
  3.462e+02   6.022e+03   1.446e+03  -5.243e+02  -3.627e+02  -6.637e+01
  3.678e+02   9.015e+03   2.293e+03  -7.771e+02  -5.199e+02  -1.804e+02
Element    51
 -8.576e+02  -5.848e+03  -2.166e+03   1.746e+03   1.355e+02   1.975e+02
 -6.984e+02  -3.822e+03  -1.585e+03   1.139e+03  -3.036e+01   8.300e+01
 -3.945e+02   1.902e+01  -4.788e+02  -1.008e+01  -3.574e+02  -1.276e+02
 -8.789e+01   3.863e+03   6.335e+02  -1.160e+03  -7.012e+02  -3.295e+02
  7.499e+01   5.892e+03   1.223e+03  -1.766e+03  -8.892e+02  -4.326e+02
Element    52
 -9.132e+01  -5.534e+03  -1.963e+03   1.766e+03   2.623e+02   6.162e+02
  5.991e+01  -3.502e+03  -1.285e+03   1.176e+03   5.621e+01   4.316e+02
  3.498e+02   3.528e+02   6.396e+00   5.873e+01  -3.471e+02   8.726e+01
  6.440e+02   4.212e+03   1.307e+03  -1.059e+03  -7.671e+02  -2.497e+02
  8.009e+02   6.250e+03   1.997e+03  -1.649e+03  -9.954e+02  -4.245e+02
Element    53
 -1.204e+03  -3.472e+03  -1.671e+03   1.931e+03   1.846e+02   6.436e+02
 -8.822e+02  -2.305e+03  -1.207e+03   1.256e+03   9.319e+00   4.515e+02
 -2.700e+02  -8.938e+01  -3.255e+02  -2.256e+01  -3.300e+02   9.530e+01
  3.437e+02   2.127e+03   5.599e+02  -1.302e+03  -6.785e+02  -2.505e+02
  6.682e+02   3.298e+03   1.028e+03  -1.976e+03  -8.661e+02  -4.288e+02
Element    54
 -6.513e+02  -2.808e+03  -1.099e+03   1.900e+03   4.664e+01   8.456e+02
 -3.556e+02  -1.765e+03  -6.647e+02   1.285e+03  -1.023e+02   5.855e+02
  2.065e+02   2.148e+02   1.615e+02   1.196e+02  -3.911e+02   9.927e+01
  7.704e+02   2.196e+03   9.919e+02  -1.046e+03  -6.882e+02  -3.779e+02
  1.069e+03   3.242e+03   1.432e+03  -1.661e+03  -8.484e+02  -6.259e+02
Element    55
 -1.481e+03  -1.355e+03  -9.094e+02   1.531e+03   2.165e+02   8.621e+02
 -1.057e+03  -9.347e+02  -6.275e+02   9.977e+02   7.171e+01   6.001e+02
 -2.548e+02  -1.386e+02  -9.308e+01  -1.221e+01  -2.048e+02   1.112e+02
  5.477e+02   6.575e+02   4.416e+02  -1.022e+03  -4.840e+02  -3.677e+02
  9.711e+02   1.078e+03   7.237e+02  -1.555e+03  -6.323e+02  -6.163e+02
Element    56
 -1.018e+03  -8.700e+02  -4.037e+02   1.511e+03   1.122e+02   1.001e+03
 -6.249e+02  -5.180e+02  -1.652e+02   1.026e+03  -1.595e+01   6.887e+02
  1.203e+02   1.490e+02   2.867e+02   1.060e+02  -2.606e+02   1.044e+02
  8.653e+02   8.160e+02   7.384e+02  -8.139e+02  -5.075e+02  -4.707e+02
  1.258e+03   1.168e+03   9.766e+02  -1.299e+03  -6.386e+02  -7.703e+02
Element    57
 -1.371e+03   2.330e+02  -1.730e+02   7.785e+02   3.635e+02   9.234e+02
 -9.611e+02   1.180e+02  -7.363e+01   5.107e+02   2.083e+02   6.260e+02
 -1.848e+02  -1.004e+02   1.134e+02   3.205e+00  -8.383e+01   6.835e+01
  5.908e+02  -3.196e+02   2.989e+02  -5.043e+02  -3.734e+02  -4.812e+02
  9.996e+02  -4.356e+02   3.961e+02  -7.721e+02  -5.251e+02  -7.678e+02
Element    58
 -1.082e+03   4.975e+02   8.472e+01   8.186e+02   3.332e+02   9.740e+02
 -6.861e+02   3.706e+02   1.653e+02   5.656e+02   1.786e+02   6.560e+02
  6.331e+01   1.292e+02   3.165e+02   8.592e+01  -1.125e+02   5.930e+01
  8.118e+02  -1.130e+02   4.657e+02  -3.937e+02  -4.011e+02  -5.296e+02
  1.206e+03  -2.412e+02   5.436e+02  -6.467e+02  -5.522e+02  -8.371e+02
Element    59
 -9.378e+02   1.178e+03   3.406e+02  -1.241e+02   5.432e+02   8.541e+02
 -6.684e+02   7.426e+02   2.859e+02  -8.639e+01   3.491e+02   5.653e+02
 -1.581e+02  -8.285e+01   1.810e+02  -1.492e+01  -1.421e+01   2.203e+01
  3.513e+02  -9.091e+02   7.420e+01   5.656e+01  -3.711e+02  -5.161e+02
  6.197e+02  -1.345e+03   1.713e+01   9.426e+01  -5.568e+02  -7.979e+02
Element    60
 -7.695e+02   1.352e+03   4.048e+02  -2.431e+01   5.493e+02   8.179e+02
 -4.933e+02   9.268e+02   3.553e+02   5.296e+00   3.524e+02   5.347e+02
  2.953e+01   1.200e+02   2.602e+02   6.141e+01  -1.608e+01   1.834e+00
  5.516e+02  -6.878e+02   1.633e+02   1.175e+02  -3.783e+02  -5.257e+02
  8.266e+02  -1.114e+03   1.114e+02   1.471e+02  -5.669e+02  -8.018e+02
Element    61
 -1.324e+02   1.574e+03   6.727e+02  -9.663e+02   6.867e+02   7.071e+02
 -1.310e+02   1.005e+03   4.925e+02  -6.420e+02   4.520e+02   4.614e+02
 -1.287e+02  -7.465e+01   1.500e+02  -2.740e+01   1.377e+01  -3.117e+00
 -1.270e+02  -1.155e+03  -1.938e+02   5.872e+02  -4.158e+02  -4.661e+02
 -1.264e+02  -1.724e+03  -3.757e+02   9.115e+02  -6.388e+02  -7.097e+02
Element    62
 -5.614e+01   1.739e+03   6.474e+02  -8.592e+02   6.696e+02   6.124e+02
 -3.237e+01   1.176e+03   4.811e+02  -5.485e+02   4.434e+02   3.892e+02
  1.231e+01   1.097e+02   1.650e+02   4.032e+01   2.147e+01  -3.244e+01
  5.649e+01  -9.575e+02  -1.523e+02   6.292e+02  -3.917e+02  -4.521e+02
  7.959e+01  -1.521e+03  -3.201e+02   9.398e+02  -6.060e+02  -6.728e+02
Element    63
  9.661e+02   1.521e+03   8.990e+02  -1.580e+03   7.485e+02   5.188e+02
  5.960e+02   9.709e+02   6.133e+02  -1.044e+03   4.928e+02   3.355e+02
 -1.059e+02  -7.185e+01   7.130e+01  -2.955e+01   1.525e+01  -1.380e+01
 -8.080e+02  -1.115e+03  -4.712e+02   9.854e+02  -4.526e+02  -3.657e+02
 -1.178e+03  -1.665e+03  -7.576e+02   1.521e+03  -6.955e+02  -5.523e+02
Element    64
  9.921e+02   1.707e+03   8.713e+02  -1.507e+03   6.742e+02   4.044e+02
  6.501e+02   1.151e+03   5.965e+02  -9.766e+02   4.469e+02   2.507e+02
  1.667e+00   9.761e+01   7.514e+01   2.832e+01   2.369e+01  -4.219e+01
 -6.469e+02  -9.559e+02  -4.466e+02   1.033e+03  -3.894e+02  -3.371e+02
 -9.891e+02  -1.512e+03  -7.220e+02   1.563e+03  -6.033e+02  -4.935e+02
Element    65
  2.203e+03   1.154e+03   1.078e+03  -1.844e+03   7.168e+02   3.274e+02
  1.409e+03   7.280e+02   7.019e+02  -1.217e+03   4.698e+02   2.110e+02
 -9.504e+01  -7.945e+01  -1.041e+01  -2.720e+01   8.671e+00  -1.458e+01
 -1.600e+03  -8.869e+02  -7.227e+02   1.162e+03  -4.433e+02  -2.467e+02
 -2.393e+03  -1.313e+03  -1.098e+03   1.790e+03  -6.780e+02  -3.718e+02
Element    66
  2.216e+03   1.347e+03   1.082e+03  -1.821e+03   5.845e+02   2.253e+02
  1.446e+03   9.083e+02   7.104e+02  -1.187e+03   3.852e+02   1.369e+02
 -1.305e+01   7.634e+01   6.217e+00   1.657e+01   1.484e+01  -3.537e+01
 -1.472e+03  -7.556e+02  -6.979e+02   1.220e+03  -3.456e+02  -2.137e+02
 -2.242e+03  -1.194e+03  -1.069e+03   1.855e+03  -5.317e+02  -3.102e+02
Element    67
  3.390e+03   6.697e+02   1.237e+03  -1.701e+03   6.040e+02   1.649e+02
  2.190e+03   4.132e+02   7.884e+02  -1.120e+03   3.944e+02   1.070e+02
 -8.404e+01  -7.295e+01  -6.262e+01  -1.789e+01   2.777e+00  -1.029e+01
 -2.358e+03  -5.590e+02  -9.134e+02   1.084e+03  -3.814e+02  -1.376e+02
 -3.557e+03  -8.154e+02  -1.362e+03   1.665e+03  -5.811e+02  -2.087e+02
Element    68
  3.404e+03   8.254e+02   1.264e+03  -1.724e+03   4.299e+02   9.283e+01
  2.219e+03   5.562e+02   8.139e+02  -1.126e+03   2.812e+02   5.597e+01
 -2.804e+01   4.610e+01  -3.832e+01   6.200e+00   5.878e+00  -2.125e+01
 -2.275e+03  -4.639e+02  -8.904e+02   1.139e+03  -2.611e+02  -1.081e+02
 -3.460e+03  -7.330e+02  -1.340e+03   1.736e+03  -3.985e+02  -1.578e+02
Element    69
  4.318e+03   2.277e+02   1.363e+03  -1.180e+03   4.341e+02   5.229e+01
  2.801e+03   1.269e+02   8.618e+02  -7.760e+02   2.826e+02   3.646e+01
 -7.530e+01  -6.398e+01  -8.749e+01  -1.029e+01  -1.214e+00  -3.087e+00
 -2.951e+03  -2.548e+02  -1.037e+03   7.555e+02  -2.803e+02  -5.510e+01
 -4.469e+03  -3.554e+02  -1.537e+03   1.159e+03  -4.257e+02  -8.755e+01
Element    70
  4.335e+03   3.414e+02   1.394e+03  -1.238e+03   2.261e+02   9.335e+00
  2.824e+03   2.307e+02   8.903e+02  -8.098e+02   1.471e+02   6.158e+00
 -4.069e+01   2.113e+01  -6.483e+01   1.924e+00   1.904e+00  -9.229e+00
 -2.905e+03  -1.884e+02  -1.020e+03   8.136e+02  -1.375e+02  -3.688e+01
 -4.416e+03  -2.989e+02  -1.524e+03   1.242e+03  -2.087e+02  -5.640e+01
Element    71
  4.828e+03  -9.275e+00   1.439e+03  -3.961e+02   2.209e+02  -4.217e+00
  3.139e+03  -1.985e+01   9.105e+02  -2.603e+02   1.434e+02   2.619e+00
 -6.289e+01  -3.985e+01  -9.082e+01  -2.940e+00  -2.432e+00   5.080e+00
 -3.265e+03  -5.982e+01  -1.092e+03   2.545e+02  -1.471e+02  -6.200e+00
 -4.954e+03  -7.034e+01  -1.620e+03   3.903e+02  -2.230e+02  -1.769e+01
Element    72
  4.847e+03   3.401e+01   1.456e+03  -4.702e+02  -2.026e+00  -1.477e+01
  3.156e+03   1.997e+01   9.244e+02  -3.077e+02  -2.405e+00  -5.209e+00
 -5.011e+01  -6.638e+00  -8.313e+01   2.384e-01  -1.275e+00   2.442e+00
 -3.256e+03  -3.323e+01  -1.091e+03   3.082e+02   2.275e+00  -3.610e+00
 -4.948e+03  -4.724e+01  -1.622e+03   4.707e+02   5.124e+00  -1.232e+01
Element    73
 -1.159e+02  -7.394e+03  -2.332e+03   7.704e+02   7.021e-01   2.345e+01
 -9.421e+01  -4.783e+03  -1.564e+03   5.149e+02  -7.439e+00   1.760e+01
 -5.244e+01   1.679e+02  -1.066e+02   3.071e+01  -3.914e+01   9.464e+00
 -9.797e+00   5.119e+03   1.352e+03  -4.535e+02  -9.215e+01   5.182e+00
  1.305e+01   7.732e+03   2.123e+03  -7.090e+02  -1.287e+02   4.479e+00
Element    74
  2.006e+02  -7.647e+03  -2.462e+03   6.431e+02   1.931e+02   4.211e+02
  2.184e+02  -4.866e+03  -1.612e+03   4.091e+02   1.131e+02   3.086e+02
  2.532e+02   4.066e+02   1.384e+00  -3.445e+01  -5.597e+01   9.715e+01
  2.894e+02   5.681e+03   1.618e+03  -4.780e+02  -2.477e+02  -1.121e+02
  3.090e+02   8.464e+03   2.472e+03  -7.120e+02  -3.580e+02  -2.216e+02
Element    75
 -7.201e+02  -5.906e+03  -2.200e+03   1.750e+03   1.632e+02   2.428e+02
 -5.631e+02  -3.852e+03  -1.536e+03   1.148e+03   4.640e+01   1.323e+02
 -2.637e+02   4.132e+01  -2.743e+02   5.333e+00  -1.877e+02  -7.072e+01
  3.764e+01   3.937e+03   9.918e+02  -1.137e+03  -4.384e+02  -2.654e+02
  1.974e+02   5.993e+03   1.662e+03  -1.740e+03  -5.775e+02  -3.646e+02
Element    76
 -8.218e+01  -5.614e+03  -2.042e+03   1.705e+03   2.582e+02   6.210e+02
  6.587e+01  -3.534e+03  -1.322e+03   1.121e+03   1.054e+02   4.310e+02
  3.486e+02   4.104e+02   4.729e+01   1.444e+01  -1.972e+02   7.625e+01
  6.342e+02   4.358e+03   1.423e+03  -1.092e+03  -5.168e+02  -2.715e+02
  7.860e+02   6.441e+03   2.150e+03  -1.676e+03  -6.923e+02  -4.520e+02
Element    77
 -1.244e+03  -3.731e+03  -1.819e+03   2.035e+03   2.361e+02   5.838e+02
 -9.120e+02  -2.468e+03  -1.295e+03   1.329e+03   8.164e+01   3.936e+02
 -2.814e+02  -7.105e+01  -3.001e+02  -7.577e+00  -2.188e+02   4.109e+01
  3.508e+02   2.327e+03   6.985e+02  -1.345e+03  -5.292e+02  -3.008e+02
  6.850e+02   3.593e+03   1.227e+03  -2.050e+03  -6.970e+02  -4.769e+02
Element    78
 -6.465e+02  -3.173e+03  -1.353e+03   2.007e+03   1.752e+02   8.268e+02
 -3.367e+02  -1.981e+03  -8.520e+02   1.347e+03   2.897e+01   5.674e+02
  2.519e+02   2.798e+02   1.007e+02   9.461e+01  -2.555e+02   8.273e+01
  8.421e+02   2.542e+03   1.057e+03  -1.157e+03  -5.496e+02  -3.926e+02
  1.154e+03   3.737e+03   1.563e+03  -1.818e+03  -7.086e+02  -6.396e+02
Element    79
 -1.546e+03  -1.549e+03  -1.132e+03   1.642e+03   2.856e+02   8.090e+02
 -1.106e+03  -1.058e+03  -8.068e+02   1.074e+03   1.297e+02   5.531e+02
 -2.712e+02  -1.251e+02  -1.893e+02  -2.698e+00  -1.685e+02   7.591e+01
  5.641e+02   8.077e+02   4.292e+02  -1.079e+03  -4.698e+02  -3.910e+02
  1.005e+03   1.300e+03   7.558e+02  -1.647e+03  -6.301e+02  -6.331e+02
Element    80
 -1.036e+03  -1.071e+03  -6.108e+02   1.619e+03   1.970e+02   9.738e+02
 -6.232e+02  -6.429e+02  -3.350e+02   1.095e+03   5.728e+01   6.678e+02
  1.596e+02   1.692e+02   1.880e+02   1.010e+02  -2.097e+02   9.502e+01
  9.426e+02   9.814e+02   7.111e+02  -8.930e+02  -4.795e+02  -4.683e+02
  1.356e+03   1.410e+03   9.871e+02  -1.417e+03  -6.231e+02  -7.616e+02
Element    81
 -1.446e+03   1.494e+02  -3.617e+02   8.306e+02   3.934e+02   8.903e+02
 -1.022e+03   5.837e+01  -2.431e+02   5.442e+02   2.244e+02   6.001e+02
 -2.194e+02  -1.145e+02  -1.915e+01   1.359e+00  -9.407e+01   5.642e+01
  5.831e+02  -2.879e+02   2.039e+02  -5.415e+02  -4.102e+02  -4.789e+02
  1.006e+03  -3.795e+02   3.211e+02  -8.279e+02  -5.759e+02  -7.580e+02
Element    82
 -1.092e+03   4.312e+02  -2.051e+01   8.578e+02   3.551e+02   9.729e+02
 -6.873e+02   3.176e+02   6.642e+01   5.935e+02   1.926e+02   6.575e+02
  7.911e+01   1.018e+02   2.300e+02   9.253e+01  -1.134e+02   6.589e+01
  8.448e+02  -1.148e+02   3.920e+02  -4.084e+02  -4.170e+02  -5.178e+02
  1.248e+03  -2.294e+02   4.768e+02  -6.727e+02  -5.761e+02  -8.225e+02
Element    83
 -9.678e+02   1.175e+03   2.482e+02  -1.301e+02   5.448e+02   8.543e+02
 -6.970e+02   7.336e+02   1.918e+02  -9.059e+01   3.439e+02   5.673e+02
 -1.843e+02  -1.031e+02   8.367e+01  -1.568e+01  -3.197e+01   2.742e+01
  3.277e+02  -9.405e+02  -2.613e+01   5.923e+01  -4.015e+02  -5.073e+02
  5.975e+02  -1.383e+03  -8.472e+01   9.874e+01  -5.938e+02  -7.872e+02
Element    84
 -7.488e+02   1.360e+03   3.890e+02  -3.800e+01   5.395e+02   8.406e+02
 -4.777e+02   9.214e+02   3.276e+02   4.260e-01   3.407e+02   5.551e+02
  3.542e+01   8.904e+01   2.098e+02   7.326e+01  -3.107e+01   1.775e+01
  5.477e+02  -7.442e+02   9.025e+01   1.461e+02  -3.965e+02  -5.143e+02
  8.177e+02  -1.184e+03   2.643e+01   1.845e+02  -5.866e+02  -7.928e+02
Element    85
 -1.041e+02   1.598e+03   6.641e+02  -9.983e+02   6.787e+02   7.212e+02
 -1.155e+02   1.017e+03   4.703e+02  -6.618e+02   4.428e+02   4.725e+02
 -1.376e+02  -8.405e+01   1.017e+02  -2.375e+01   2.339e+00   2.148e+00
 -1.603e+02  -1.186e+03  -2.683e+02   6.143e+02  -4.292e+02  -4.668e+02
 -1.725e+02  -1.768e+03  -4.640e+02   9.509e+02  -6.533e+02  -7.137e+02
Element    86
 -1.338e+01   1.765e+03   6.799e+02  -8.908e+02   6.523e+02   6.334e+02
 -4.024e+00   1.187e+03   4.968e+02  -5.650e+02   4.280e+02   4.069e+02
  1.326e+01   9.107e+01   1.486e+02   5.264e+01   9.682e+00  -2.127e+01
  2.998e+01  -1.006e+03  -2.007e+02   6.703e+02  -3.996e+02  -4.476e+02
  3.856e+01  -1.584e+03  -3.855e+02   9.961e+02  -6.119e+02  -6.718e+02
Element    87
  1.009e+03   1.527e+03   9.253e+02  -1.614e+03   7.409e+02   5.295e+02
  6.216e+02   9.697e+02   6.245e+02  -1.068e+03   4.869e+02   3.427e+02
 -1.123e+02  -8.771e+01   5.354e+01  -3.092e+01   1.293e+01  -1.323e+01
 -8.465e+02  -1.145e+03  -5.181e+02   1.006e+03  -4.513e+02  -3.719e+02
 -1.234e+03  -1.704e+03  -8.199e+02   1.552e+03  -6.923e+02  -5.622e+02
Element    88
  1.033e+03   1.715e+03   9.099e+02  -1.535e+03   6.647e+02   4.139e+02
  6.751e+02   1.152e+03   6.218e+02  -9.940e+02   4.393e+02   2.577e+02
 -3.549e+00   8.435e+01   7.521e+01   3.157e+01   1.958e+01  -3.990e+01
 -6.824e+02  -9.833e+02  -4.719e+02   1.057e+03  -3.899e+02  -3.397e+02
 -1.041e+03  -1.547e+03  -7.608e+02   1.598e+03  -6.018e+02  -4.987e+02
Element    89
  2.239e+03   1.156e+03   1.113e+03  -1.864e+03   7.152e+02   3.316e+02
  1.433e+03   7.259e+02   7.261e+02  -1.230e+03   4.699e+02   2.129e+02
 -9.481e+01  -8.885e+01  -7.429e+00  -2.686e+01   1.207e+01  -1.725e+01
 -1.623e+03  -9.037e+02  -7.411e+02   1.176e+03  -4.365e+02  -2.540e+02
 -2.429e+03  -1.334e+03  -1.128e+03   1.811e+03  -6.695e+02  -3.815e+02
Element    90
  2.243e+03   1.344e+03   1.110e+03  -1.836e+03   5.861e+02   2.255e+02
  1.463e+03   9.033e+02   7.312e+02  -1.196e+03   3.864e+02   1.362e+02
 -1.482e+01   6.794e+01   1.357e+01   1.497e+01   1.534e+01  -3.786e+01
 -1.493e+03  -7.674e+02  -7.041e+02   1.226e+03  -3.457e+02  -2.180e+02
 -2.273e+03  -1.208e+03  -1.083e+03   1.866e+03  -5.322e+02  -3.155e+02
Element    91
  3.408e+03   6.640e+02   1.262e+03  -1.705e+03   6.076e+02   1.645e+02
  2.203e+03   4.075e+02   8.079e+02  -1.122e+03   3.976e+02   1.056e+02
 -8.117e+01  -7.876e+01  -5.301e+01  -1.837e+01   5.354e+00  -1.368e+01
 -2.365e+03  -5.649e+02  -9.137e+02   1.086e+03  -3.795e+02  -1.430e+02
 -3.570e+03  -8.214e+02  -1.368e+03   1.668e+03  -5.795e+02  -2.152e+02
Element    92
  3.412e+03   8.288e+02   1.279e+03  -1.728e+03   4.290e+02   8.466e+01
  2.225e+03   5.588e+02   8.276e+02  -1.129e+03   2.812e+02   4.886e+01
 -2.493e+01   4.724e+01  -2.836e+01   6.043e+00   7.333e+00  -2.634e+01
 -2.275e+03  -4.643e+02  -8.841e+02   1.141e+03  -2.581e+02  -1.112e+02
 -3.462e+03  -7.341e+02  -1.335e+03   1.740e+03  -3.947e+02  -1.598e+02
Element    93
  4.319e+03   2.289e+02   1.375e+03  -1.175e+03   4.329e+02   4.712e+01
  2.803e+03   1.286e+02   8.741e+02  -7.726e+02   2.822e+02   3.207e+01
 -6.900e+01  -6.138e+01  -7.607e+01  -9.473e+00   1.619e-01  -5.952e+00
 -2.941e+03  -2.513e+02  -1.026e+03   7.537e+02  -2.773e+02  -5.643e+01
 -4.456e+03  -3.514e+02  -1.527e+03   1.156e+03  -4.218e+02  -8.807e+01
Element    94
  4.332e+03   3.369e+02   1.401e+03  -1.234e+03   2.248e+02   3.236e+00
  2.824e+03   2.268e+02   8.979e+02  -8.078e+02   1.464e+02   1.349e+00
 -3.614e+01   1.821e+01  -5.521e+01   7.432e-01   2.312e+00  -1.158e+01
 -2.896e+03  -1.903e+02  -1.008e+03   8.093e+02  -1.360e+02  -3.675e+01
 -4.404e+03  -3.002e+02  -1.511e+03   1.236e+03  -2.067e+02  -5.496e+01
Element    95
  4.815e+03  -5.358e+00   1.445e+03  -3.982e+02   2.192e+02  -7.678e+00
  3.133e+03  -1.607e+01   9.186e+02  -2.616e+02   1.424e+02  -1.795e-01
 -5.699e+01  -3.634e+01  -7.878e+01  -2.601e+00  -2.216e+00   3.580e+00
 -3.247e+03  -5.656e+01  -1.076e+03   2.564e+02  -1.456e+02  -6.349e+00
 -4.929e+03  -6.721e+01  -1.602e+03   3.930e+02  -2.208e+02  -1.710e+01
Element    96
  4.833e+03   2.448e+01   1.460e+03  -4.671e+02   2.946e+00  -1.597e+01
  3.147e+03   1.057e+01   9.310e+02  -3.060e+02   8.765e-01  -5.872e+00
 -4.879e+01  -1.575e+01  -7.093e+01  -5.749e-01  -1.218e+00   2.839e+00
 -3.245e+03  -4.204e+01  -1.073e+03   3.049e+02  -9.174e-01  -2.113e+00
 -4.931e+03  -5.590e+01  -1.601e+03   4.660e+02   2.055e-01  -1.023e+01
Element    97
 -9.541e+01  -7.139e+03  -2.229e+03   7.263e+02   8.539e+00   8.914e+00
 -7.460e+01  -4.624e+03  -1.463e+03   4.817e+02   4.837e+00   6.720e+00
 -3.465e+01   1.454e+02  -9.726e+00   1.805e+01  -1.780e+01   5.368e+00
  5.976e+00   4.915e+03   1.445e+03  -4.456e+02  -6.088e+01   7.692e+00
  2.768e+01   7.431e+03   2.213e+03  -6.902e+02  -9.185e+01   1.040e+01
Element    98
  1.333e+02  -7.332e+03  -2.293e+03   6.138e+02   1.459e+02   3.747e+02
  1.499e+02  -4.702e+03  -1.480e+03   3.970e+02   9.391e+01   2.648e+02
  1.819e+02   2.859e+02   6.343e+01  -1.412e+01  -2.109e+01   5.805e+01
  2.148e+02   5.274e+03   1.609e+03  -4.252e+02  -1.575e+02  -1.467e+02
  2.325e+02   7.906e+03   2.425e+03  -6.421e+02  -2.381e+02  -2.540e+02
Element    99
 -6.647e+02  -5.864e+03  -2.078e+03   1.725e+03   1.677e+02   2.618e+02
 -5.099e+02  -3.824e+03  -1.408e+03   1.130e+03   7.991e+01   1.536e+02
 -2.151e+02   4.397e+01  -1.362e+02   2.354e+00  -9.912e+01  -4.519e+01
  8.124e+01   3.914e+03   1.139e+03  -1.125e+03  -2.947e+02  -2.357e+02
  2.382e+02   5.956e+03   1.813e+03  -1.720e+03  -4.046e+02  -3.329e+02
Element   100
 -1.762e+02  -5.726e+03  -1.998e+03   1.681e+03   2.819e+02   6.081e+02
 -3.135e+01  -3.646e+03  -1.290e+03   1.106e+03   1.587e+02   4.150e+02
  2.448e+02   2.968e+02   5.571e+01   1.735e+01  -8.760e+01   5.421e+01
  5.229e+02   4.242e+03   1.406e+03  -1.072e+03  -3.510e+02  -2.998e+02
  6.705e+02   6.324e+03   2.120e+03  -1.646e+03  -4.967e+02  -4.837e+02
Element   101
 -1.223e+03  -3.838e+03  -1.736e+03   2.064e+03   2.666e+02   5.557e+02
 -8.884e+02  -2.527e+03  -1.208e+03   1.348e+03   1.274e+02   3.657e+02
 -2.541e+02  -4.091e+01  -2.057e+02  -1.007e+01  -1.445e+02   1.344e+01
  3.817e+02   2.447e+03   8.002e+02  -1.368e+03  -4.269e+02  -3.282e+02
  7.177e+02   3.760e+03   1.332e+03  -2.084e+03  -5.800e+02  -5.041e+02
Element   102
 -6.838e+02  -3.457e+03  -1.439e+03   2.059e+03   2.856e+02   7.940e+02
 -3.663e+02  -2.179e+03  -9.177e+02   1.373e+03   1.397e+02   5.392e+02
  2.367e+02   2.436e+02   7.368e+01   7.199e+01  -1.450e+02   6.341e+01
  8.412e+02   2.668e+03   1.068e+03  -1.229e+03  -4.400e+02  -4.029e+02
  1.161e+03   3.948e+03   1.595e+03  -1.915e+03  -5.998e+02  -6.450e+02
Element   103
 -1.580e+03  -1.694e+03  -1.174e+03   1.710e+03   3.350e+02   7.581e+02
 -1.128e+03  -1.145e+03  -8.353e+02   1.115e+03   1.721e+02   5.095e+02
 -2.686e+02  -1.038e+02  -1.928e+02  -1.293e+01  -1.395e+02   4.638e+01
  5.910e+02   9.381e+02   4.511e+02  -1.141e+03  -4.550e+02  -4.062e+02
  1.045e+03   1.488e+03   7.914e+02  -1.736e+03  -6.229e+02  -6.406e+02
Element   104
 -1.062e+03  -1.263e+03  -7.406e+02   1.703e+03   2.916e+02   9.285e+02
 -6.341e+02  -7.666e+02  -4.402e+02   1.146e+03   1.382e+02   6.308e+02
  1.770e+02   1.747e+02   1.299e+02   9.150e+01  -1.552e+02   7.387e+01
  9.885e+02   1.116e+03   7.010e+02  -9.632e+02  -4.522e+02  -4.733e+02
  1.417e+03   1.613e+03   1.003e+03  -1.520e+03  -6.102e+02  -7.581e+02
Element   105
 -1.514e+03   6.236e+01  -4.728e+02   8.792e+02   4.252e+02   8.642e+02
 -1.073e+03  -6.898e-01  -3.412e+02   5.707e+02   2.445e+02   5.813e+02
 -2.382e+02  -1.204e+02  -9.198e+01  -1.398e+01  -9.658e+01   5.170e+01
  5.966e+02  -2.402e+02   1.568e+02  -5.987e+02  -4.355e+02  -4.693e+02
  1.037e+03  -3.036e+02   2.878e+02  -9.072e+02  -6.134e+02  -7.407e+02
Element   106
 -1.104e+03   3.851e+02  -1.233e+02   9.109e+02   3.926e+02   9.547e+02
 -6.862e+02   2.947e+02  -2.276e+01   6.290e+02   2.190e+02   6.439e+02
  1.049e+02   1.231e+02   1.671e+02   9.468e+01  -1.084e+02   6.117e+01
  8.955e+02  -4.904e+01   3.561e+02  -4.397e+02  -4.335e+02  -5.135e+02
  1.312e+03  -1.400e+02   4.554e+02  -7.216e+02  -6.041e+02  -8.133e+02
Element   107
 -9.870e+02   1.163e+03   1.530e+02  -1.154e+02   5.559e+02   8.570e+02
 -7.105e+02   7.253e+02   1.021e+02  -8.045e+01   3.474e+02   5.722e+02
 -1.868e+02  -1.058e+02   4.472e+00  -1.426e+01  -4.310e+01   3.647e+01
  3.362e+02  -9.375e+02  -9.458e+01   5.192e+01  -4.272e+02  -4.940e+02
  6.119e+02  -1.377e+03  -1.474e+02   8.683e+01  -6.272e+02  -7.716e+02
Element   108
 -7.398e+02   1.393e+03   3.411e+02  -3.517e+01   5.306e+02   8.504e+02
 -4.670e+02   9.485e+02   2.804e+02   4.669e+00   3.286e+02   5.652e+02
  4.939e+01   1.056e+02   1.642e+02   8.020e+01  -4.929e+01   2.865e+01
  5.651e+02  -7.380e+02   4.631e+01   1.557e+02  -4.207e+02  -5.026e+02
  8.368e+02  -1.183e+03  -1.653e+01   1.956e+02  -6.140e+02  -7.807e+02
Element   109
 -9.063e+01   1.616e+03   6.125e+02  -1.015e+03   6.763e+02   7.339e+02
 -1.087e+02   1.027e+03   4.161e+02  -6.708e+02   4.387e+02   4.841e+02
 -1.434e+02  -8.988e+01   4.285e+01  -1.858e+01  -4.709e+00   1.155e+01
 -1.787e+02  -1.207e+03  -3.318e+02   6.337e+02  -4.392e+02  -4.596e+02
 -1.976e+02  -1.797e+03  -5.301e+02   9.778e+02  -6.648e+02  -7.077e+02
Element   110
  1.754e+01   1.802e+03   6.753e+02  -9.204e+02   6.333e+02   6.571e+02
  1.549e+01   1.213e+03   4.846e+02  -5.832e+02   4.098e+02   4.270e+02
  1.114e+01   9.570e+01   1.221e+02   5.608e+01  -6.920e+00  -7.965e+00
  6.155e+00  -1.022e+03  -2.418e+02   6.954e+02  -4.144e+02  -4.412e+02
  3.272e+00  -1.612e+03  -4.344e+02   1.033e+03  -6.257e+02  -6.691e+02
Element   111
  1.049e+03   1.559e+03   9.220e+02  -1.638e+03   7.394e+02   5.444e+02
  6.474e+02   9.926e+02   6.134e+02  -1.080e+03   4.861e+02   3.541e+02
 -1.135e+02  -8.187e+01   2.762e+01  -2.152e+01   1.368e+01  -8.649e+00
 -8.748e+02  -1.157e+03  -5.590e+02   1.037e+03  -4.489e+02  -3.742e+02
 -1.277e+03  -1.724e+03  -8.688e+02   1.595e+03  -6.889e+02  -5.682e+02
Element   112
  1.074e+03   1.737e+03   9.263e+02  -1.566e+03   6.575e+02   4.364e+02
  7.010e+02   1.167e+03   6.292e+02  -1.015e+03   4.320e+02   2.760e+02
 -6.577e+00   8.545e+01   6.525e+01   3.115e+01   1.262e+01  -2.975e+01
 -7.144e+02  -9.964e+02  -4.994e+02   1.077e+03  -3.965e+02  -3.378e+02
 -1.088e+03  -1.567e+03  -7.975e+02   1.629e+03  -6.082e+02  -5.013e+02
Element   113
  2.288e+03   1.187e+03   1.135e+03  -1.875e+03   7.188e+02   3.397e+02
  1.467e+03   7.542e+02   7.401e+02  -1.234e+03   4.731e+02   2.175e+02
 -8.982e+01  -6.667e+01  -8.301e+00  -1.757e+01   1.451e+01  -1.925e+01
 -1.646e+03  -8.877e+02  -7.569e+02   1.199e+03  -4.348e+02  -2.628e+02
 -2.468e+03  -1.321e+03  -1.152e+03   1.840e+03  -6.681e+02  -3.939e+02
Element   114
  2.278e+03   1.359e+03   1.135e+03  -1.854e+03   5.821e+02   2.345e+02
  1.487e+03   9.150e+02   7.495e+02  -1.209e+03   3.832e+02   1.433e+02
 -1.278e+01   7.240e+01   1.796e+01   1.544e+01   1.371e+01  -3.420e+01
 -1.513e+03  -7.702e+02  -7.138e+02   1.240e+03  -3.457e+02  -2.180e+02
 -2.304e+03  -1.215e+03  -1.100e+03   1.885e+03  -5.313e+02  -3.174e+02
Element   115
  3.431e+03   6.814e+02   1.285e+03  -1.703e+03   6.082e+02   1.611e+02
  2.219e+03   4.250e+02   8.259e+02  -1.120e+03   3.987e+02   1.015e+02
 -7.836e+01  -6.108e+01  -4.425e+01  -1.423e+01   7.068e+00  -1.934e+01
 -2.376e+03  -5.470e+02  -9.142e+02   1.092e+03  -3.771e+02  -1.502e+02
 -3.588e+03  -8.034e+02  -1.373e+03   1.675e+03  -5.768e+02  -2.233e+02
Element   116
  3.430e+03   8.264e+02   1.304e+03  -1.734e+03   4.274e+02   8.598e+01
  2.238e+03   5.564e+02   8.477e+02  -1.134e+03   2.805e+02   4.991e+01
 -2.273e+01   4.466e+01  -1.788e+01   3.795e+00   8.416e+00  -2.584e+01
 -2.283e+03  -4.670e+02  -8.833e+02   1.141e+03  -2.553e+02  -1.113e+02
 -3.475e+03  -7.369e+02  -1.340e+03   1.741e+03  -3.910e+02  -1.602e+02
Element   117
  4.313e+03   2.356e+02   1.396e+03  -1.176e+03   4.312e+02   4.360e+01
  2.799e+03   1.351e+02   8.919e+02  -7.728e+02   2.813e+02   2.853e+01
 -7.102e+01  -5.524e+01  -6.419e+01  -9.004e+00   8.076e-01  -9.529e+00
 -2.941e+03  -2.455e+02  -1.020e+03   7.548e+02  -2.751e+02  -6.002e+01
 -4.455e+03  -3.458e+02  -1.524e+03   1.158e+03  -4.188e+02  -9.166e+01
Element   118
  4.332e+03   3.344e+02   1.419e+03  -1.232e+03   2.277e+02   2.531e+00
  2.825e+03   2.248e+02   9.140e+02  -8.067e+02   1.484e+02   8.977e-01
 -3.175e+01   1.706e+01  -4.290e+01  -6.578e-01   2.555e+00  -1.153e+01
 -2.888e+03  -1.905e+02  -9.996e+02   8.054e+02  -1.376e+02  -3.619e+01
 -4.395e+03  -3.000e+02  -1.504e+03   1.231e+03  -2.092e+02  -5.412e+01
Element   119
  4.799e+03  -1.049e+01   1.457e+03  -3.950e+02   2.222e+02  -9.545e+00
  3.122e+03  -2.107e+01   9.303e+02  -2.596e+02   1.446e+02  -1.995e+00
 -5.645e+01  -4.108e+01  -6.878e+01  -2.948e+00  -1.763e+00   1.905e+00
 -3.235e+03  -6.104e+01  -1.068e+03   2.537e+02  -1.469e+02  -7.830e+00
 -4.912e+03  -7.156e+01  -1.595e+03   3.891e+02  -2.230e+02  -1.846e+01
Element   120
  4.824e+03   2.962e+01   1.477e+03  -4.702e+02   1.251e+00  -1.729e+01
  3.143e+03   1.559e+01   9.472e+02  -3.083e+02   8.614e-02  -7.086e+00
 -4.186e+01  -1.099e+01  -5.624e+01  -1.316e+00  -2.766e-01   1.871e+00
 -3.227e+03  -3.752e+01  -1.060e+03   3.056e+02   1.778e+00  -2.783e+00
 -4.907e+03  -5.149e+01  -1.589e+03   4.675e+02   3.835e+00  -1.072e+01
Element   121
 -1.930e+01  -6.836e+03  -2.196e+03   7.017e+02   1.565e+01   8.472e+00
  8.883e-01  -4.398e+03  -1.427e+03   4.648e+02   1.391e+01   4.893e+00
  3.961e+01   2.253e+02   3.057e+01   1.577e+01  -4.483e+00   8.219e-01
  7.890e+01   4.849e+03   1.490e+03  -4.333e+02  -4.263e+01   3.031e-01
  9.986e+01   7.288e+03   2.260e+03  -6.702e+02  -7.070e+01   1.461e+00
Element   122
  4.132e+01  -7.136e+03  -2.281e+03   5.922e+02   1.451e+02   3.569e+02
  5.718e+01  -4.604e+03  -1.478e+03   3.848e+02   1.045e+02   2.472e+02
  8.776e+01   1.959e+02   4.521e+01  -8.379e+00   1.180e+01   4.083e+01
  1.190e+02   4.997e+03   1.570e+03  -4.016e+02  -1.014e+02  -1.637e+02
  1.358e+02   7.529e+03   2.375e+03  -6.090e+02  -1.695e+02  -2.708e+02
Element   123
 -5.221e+02  -5.703e+03  -2.003e+03   1.703e+03   1.695e+02   2.723e+02
 -3.701e+02  -3.678e+03  -1.318e+03   1.118e+03   9.469e+01   1.641e+02
 -8.101e+01   1.625e+02  -1.797e+01   7.153e+00  -5.970e+01  -3.482e+01
  2.094e+02   4.004e+03   1.285e+03  -1.103e+03  -2.305e+02  -2.257e+02
  3.632e+02   6.032e+03   1.974e+03  -1.689e+03  -3.272e+02  -3.232e+02
Element   124
 -2.038e+02  -5.746e+03  -1.996e+03   1.656e+03   3.032e+02   5.899e+02
 -6.112e+01  -3.682e+03  -1.287e+03   1.089e+03   1.974e+02   3.975e+02
  2.105e+02   2.320e+02   5.746e+01   1.495e+01  -1.596e+01   3.784e+01
  4.837e+02   4.148e+03   1.406e+03  -1.059e+03  -2.462e+02  -3.151e+02
  6.285e+02   6.214e+03   2.119e+03  -1.626e+03  -3.745e+02  -4.986e+02
Element   125
 -1.124e+03  -3.833e+03  -1.685e+03   2.083e+03   2.877e+02   5.267e+02
 -7.894e+02  -2.486e+03  -1.141e+03   1.361e+03   1.576e+02   3.391e+02
 -1.548e+02   6.696e+01  -1.083e+02  -8.105e+00  -9.731e+01  -8.380e+00
  4.811e+02   2.621e+03   9.276e+02  -1.377e+03  -3.629e+02  -3.453e+02
  8.171e+02   3.970e+03   1.475e+03  -2.100e+03  -5.074e+02  -5.188e+02
Element   126
 -7.112e+02  -3.637e+03  -1.501e+03   2.076e+03   3.527e+02   7.636e+02
 -3.918e+02  -2.308e+03  -9.615e+02   1.379e+03   2.106e+02   5.113e+02
  2.148e+02   2.132e+02   6.283e+01   5.601e+01  -6.709e+01   4.049e+01
  8.229e+02   2.735e+03   1.090e+03  -1.267e+03  -3.556e+02  -4.209e+02
  1.144e+03   4.067e+03   1.633e+03  -1.964e+03  -5.122e+02  -6.604e+02
Element   127
 -1.567e+03  -1.760e+03  -1.186e+03   1.766e+03   3.671e+02   7.217e+02
 -1.102e+03  -1.163e+03  -8.286e+02   1.147e+03   2.024e+02   4.778e+02
 -2.212e+02  -3.104e+01  -1.498e+02  -2.576e+01  -1.130e+02   2.368e+01
  6.607e+02   1.102e+03   5.307e+02  -1.199e+03  -4.326e+02  -4.196e+02
  1.126e+03   1.700e+03   8.903e+02  -1.818e+03  -6.028e+02  -6.491e+02
Element   128
 -1.090e+03  -1.430e+03  -8.594e+02   1.778e+03   3.748e+02   8.909e+02
 -6.498e+02  -8.708e+02  -5.284e+02   1.193e+03   2.114e+02   5.975e+02
  1.858e+02   1.894e+02   1.001e+02   8.412e+01  -1.015e+02   4.885e+01
  1.022e+03   1.250e+03   7.301e+02  -1.025e+03  -4.185e+02  -4.898e+02
  1.464e+03   1.810e+03   1.063e+03  -1.610e+03  -5.874e+02  -7.700e+02
Element   129
 -1.540e+03  -6.374e+00  -5.607e+02   9.354e+02   4.621e+02   8.438e+02
 -1.084e+03  -3.499e+01  -4.063e+02   6.037e+02   2.714e+02   5.653e+02
 -2.199e+02  -8.923e+01  -1.137e+02  -2.509e+01  -8.871e+01   4.417e+01
  6.447e+02  -1.435e+02   1.789e+02  -6.539e+02  -4.470e+02  -4.682e+02
  1.101e+03  -1.721e+02   3.333e+02  -9.856e+02  -6.353e+02  -7.349e+02
Element   130
 -1.141e+03   3.245e+02  -2.321e+02   9.742e+02   4.327e+02   9.264e+02
 -7.062e+02   2.651e+02  -1.074e+02   6.689e+02   2.500e+02   6.213e+02
  1.177e+02   1.524e+02   1.287e+02   9.014e+01  -9.481e+01   4.929e+01
  9.414e+02   3.951e+01   3.644e+02  -4.886e+02  -4.377e+02  -5.143e+02
  1.376e+03  -2.013e+01   4.885e+02  -7.939e+02  -6.177e+02  -8.083e+02
Element   131
 -1.034e+03   1.122e+03   4.666e+01  -9.280e+01   5.757e+02   8.463e+02
 -7.469e+02   6.935e+02   1.134e+01  -6.820e+01   3.592e+02   5.665e+02
 -2.037e+02  -1.185e+02  -5.641e+01  -2.158e+01  -4.637e+01   4.038e+01
  3.389e+02  -9.310e+02  -1.252e+02   2.505e+01  -4.456e+02  -4.803e+02
  6.250e+02  -1.360e+03  -1.619e+02   4.964e+01  -6.537e+02  -7.528e+02
Element   132
 -7.509e+02   1.405e+03   2.888e+02  -2.137e+01   5.315e+02   8.488e+02
 -4.723e+02   9.642e+02   2.357e+02   1.357e+01   3.255e+02   5.656e+02
  5.538e+01   1.278e+02   1.339e+02   7.980e+01  -5.990e+01   3.277e+01
  5.824e+02  -7.092e+02   3.061e+01   1.460e+02  -4.389e+02  -4.946e+02
  8.602e+02  -1.151e+03  -2.443e+01   1.810e+02  -6.362e+02  -7.707e+02
Element   133
 -1.295e+02   1.592e+03   5.400e+02  -1.030e+03   6.847e+02   7.358e+02
 -1.493e+02   9.962e+02   3.457e+02  -6.813e+02   4.432e+02   4.882e+02
 -1.874e+02  -1.331e+02  -2.354e+01  -2.051e+01  -7.605e+00   1.968e+01
 -2.260e+02  -1.263e+03  -3.940e+02   6.403e+02  -4.493e+02  -4.475e+02
 -2.466e+02  -1.859e+03  -5.899e+02   9.889e+02  -6.787e+02  -6.934e+02
Element   134
  4.146e+01   1.845e+03   6.839e+02  -9.430e+02   6.224e+02   6.774e+02
  3.218e+01   1.247e+03   4.861e+02  -5.976e+02   3.975e+02   4.456e+02
  1.409e+01   1.125e+02   1.101e+02   5.737e+01  -2.192e+01   7.501e+00
 -4.649e+00  -1.022e+03  -2.673e+02   7.123e+02  -4.320e+02  -4.290e+02
 -1.479e+01  -1.621e+03  -4.670e+02   1.058e+03  -6.446e+02  -6.586e+02
Element   135
  1.039e+03   1.533e+03   8.987e+02  -1.662e+03   7.466e+02   5.493e+02
  6.223e+02   9.591e+02   5.809e+02  -1.093e+03   4.911e+02   3.586e+02
 -1.675e+02  -1.293e+02  -2.220e+01  -1.499e+01   1.443e+01  -5.151e+00
 -9.575e+02  -1.218e+03  -6.260e+02   1.063e+03  -4.523e+02  -3.718e+02
 -1.374e+03  -1.792e+03  -9.449e+02   1.632e+03  -6.944e+02  -5.665e+02
Element   136
  1.123e+03   1.781e+03   9.844e+02  -1.601e+03   6.417e+02   4.580e+02
  7.345e+02   1.200e+03   6.707e+02  -1.036e+03   4.177e+02   2.962e+02
 -3.070e+00   9.957e+01   7.543e+01   3.421e+01   1.055e+00  -1.242e+01
 -7.410e+02  -1.002e+03  -5.207e+02   1.105e+03  -4.051e+02  -3.234e+02
 -1.130e+03  -1.583e+03  -8.355e+02   1.669e+03  -6.152e+02  -4.885e+02
Element   137
  2.272e+03   1.135e+03   1.143e+03  -1.892e+03   7.212e+02   3.339e+02
  1.434e+03   6.990e+02   7.333e+02  -1.243e+03   4.758e+02   2.123e+02
 -1.548e+02  -1.279e+02  -4.308e+01  -1.292e+01   1.774e+01  -2.340e+01
 -1.743e+03  -9.550e+02  -8.197e+02   1.217e+03  -4.310e+02  -2.660e+02
 -2.581e+03  -1.391e+03  -1.229e+03   1.866e+03  -6.639e+02  -3.968e+02
Element   138
  2.330e+03   1.376e+03   1.218e+03  -1.880e+03   5.701e+02   2.490e+02
  1.521e+03   9.275e+02   8.112e+02  -1.226e+03   3.735e+02   1.571e+02
 -1.319e+01   7.693e+01   4.057e+01   1.477e+01   8.503e+00  -2.187e+01
 -1.547e+03  -7.737e+02  -7.303e+02   1.255e+03  -3.464e+02  -2.072e+02
 -2.356e+03  -1.223e+03  -1.137e+03   1.910e+03  -5.296e+02  -3.075e+02
Element   139
  3.393e+03   6.247e+02   1.316e+03  -1.710e+03   6.093e+02   1.492e+02
  2.170e+03   3.666e+02   8.398e+02  -1.122e+03   4.014e+02   9.035e+01
 -1.464e+02  -1.227e+02  -6.343e+01  -8.670e+00   1.303e+01  -2.888e+01
 -2.463e+03  -6.118e+02  -9.664e+02   1.105e+03  -3.679e+02  -1.582e+02
 -3.685e+03  -8.698e+02  -1.443e+03   1.693e+03  -5.659e+02  -2.305e+02
Element   140
  3.465e+03   8.322e+02   1.390e+03  -1.741e+03   4.284e+02   9.347e+01
  2.262e+03   5.618e+02   9.144e+02  -1.139e+03   2.816e+02   5.734e+01
 -1.902e+01   4.924e+01   1.216e+01   3.481e+00   9.631e+00  -1.856e+01
 -2.300e+03  -4.632e+02  -8.900e+02   1.146e+03  -2.539e+02  -1.042e+02
 -3.503e+03  -7.335e+02  -1.366e+03   1.748e+03  -3.896e+02  -1.533e+02
Element   141
  4.252e+03   1.947e+02   1.438e+03  -1.170e+03   4.338e+02   3.312e+01
  2.735e+03   9.430e+01   9.165e+02  -7.666e+02   2.840e+02   1.784e+01
 -1.395e+02  -9.597e+01  -7.088e+01  -2.592e+00   3.581e+00  -2.059e+01
 -3.014e+03  -2.861e+02  -1.058e+03   7.614e+02  -2.722e+02  -7.143e+01
 -4.530e+03  -3.864e+02  -1.579e+03   1.164e+03  -4.158e+02  -1.032e+02
Element   142
  4.347e+03   3.494e+02   1.496e+03  -1.233e+03   2.246e+02   8.569e+00
  2.837e+03   2.394e+02   9.748e+02  -8.071e+02   1.462e+02   6.636e+00
 -2.517e+01   3.112e+01  -1.359e+01   1.101e+00   1.967e+00  -6.350e+00
 -2.887e+03  -1.771e+02  -1.002e+03   8.093e+02  -1.365e+02  -3.154e+01
 -4.397e+03  -2.869e+02  -1.523e+03   1.236e+03  -2.072e+02  -4.975e+01
Element   143
  4.734e+03  -2.778e+01   1.499e+03  -3.872e+02   2.227e+02  -1.626e+01
  3.057e+03  -3.827e+01   9.570e+02  -2.524e+02   1.460e+02  -9.290e+00
 -1.204e+02  -5.812e+01  -7.123e+01   3.047e+00   1.376e+00  -6.449e+00
 -3.298e+03  -7.794e+01  -1.099e+03   2.585e+02  -1.420e+02  -1.720e+01
 -4.975e+03  -8.838e+01  -1.642e+03   3.933e+02  -2.172e+02  -2.834e+01
Element   144
  4.821e+03   2.992e+01   1.527e+03  -4.668e+02   1.039e+00  -9.616e+00
  3.142e+03   1.602e+01   9.830e+02  -3.060e+02   1.752e-01   6.171e-01
 -3.993e+01  -1.031e+01  -4.749e+01  -1.027e+00   3.621e-01   9.661e+00
 -3.222e+03  -3.659e+01  -1.078e+03   3.039e+02   2.939e+00   5.148e+00
 -4.901e+03  -5.043e+01  -1.621e+03   4.648e+02   5.261e+00  -2.694e+00
Element   145
 -1.442e+02  -6.529e+03  -2.025e+03   6.861e+02   2.902e+01   2.531e+00
 -1.244e+02  -4.176e+03  -1.320e+03   4.556e+02   2.979e+01   3.059e+00
 -8.646e+01   2.853e+02   1.676e+01   1.856e+01   1.660e+01   6.719e+00
 -4.811e+01   4.747e+03   1.354e+03  -4.185e+02  -1.574e+01   1.386e+01
 -2.769e+01   7.101e+03   2.060e+03  -6.490e+02  -4.053e+01   1.903e+01
Element   146
  8.964e+01  -6.775e+03  -2.035e+03   5.688e+02   1.653e+02   3.480e+02
  1.050e+02  -4.342e+03  -1.299e+03   3.692e+02   1.314e+02   2.439e+02
  1.345e+02   2.714e+02   9.785e+01  -9.248e+00   5.211e+01   4.779e+01
  1.645e+02   4.885e+03   1.496e+03  -3.877e+02  -4.708e+01  -1.465e+02
  1.806e+02   7.319e+03   2.234e+03  -5.873e+02  -1.074e+02  -2.482e+02
Element   147
 -6.114e+02  -5.546e+03  -1.864e+03   1.648e+03   1.832e+02   2.620e+02
 -4.636e+02  -3.551e+03  -1.226e+03   1.076e+03   1.203e+02   1.584e+02
 -1.826e+02   2.319e+02  -1.357e+01  -8.093e+00  -1.141e+01  -3.182e+01
  9.957e+01   4.016e+03   1.201e+03  -1.092e+03  -1.594e+02  -2.142e+02
  2.488e+02   6.012e+03   1.843e+03  -1.664e+03  -2.440e+02  -3.073e+02
Element   148
 -2.568e+02  -5.634e+03  -1.844e+03   1.597e+03   3.294e+02   5.672e+02
 -1.176e+02  -3.602e+03  -1.179e+03   1.043e+03   2.355e+02   3.818e+02
  1.473e+02   2.512e+02   8.448e+01  -8.060e+00   4.471e+01   3.529e+01
  4.136e+02   4.106e+03   1.351e+03  -1.059e+03  -1.628e+02  -3.047e+02
  5.546e+02   6.140e+03   2.020e+03  -1.613e+03  -2.790e+02  -4.814e+02
Element   149
 -1.235e+03  -3.783e+03  -1.571e+03   2.054e+03   3.038e+02   4.958e+02
 -9.005e+02  -2.426e+03  -1.056e+03   1.329e+03   1.866e+02   3.144e+02
 -2.649e+02   1.475e+02  -7.675e+01  -4.529e+01  -4.391e+01  -2.116e+01
  3.719e+02   2.722e+03   9.048e+02  -1.419e+03  -2.854e+02  -3.462e+02
  7.082e+02   4.081e+03   1.424e+03  -2.144e+03  -4.171e+02  -5.133e+02
Element   150
 -7.151e+02  -3.680e+03  -1.431e+03   2.058e+03   4.291e+02   7.402e+02
 -3.968e+02  -2.324e+03  -9.053e+02   1.358e+03   2.905e+02   4.909e+02
  2.077e+02   2.488e+02   9.352e+01   2.948e+01   1.943e+01   2.541e+01
  8.135e+02   2.823e+03   1.095e+03  -1.299e+03  -2.628e+02  -4.306e+02
  1.134e+03   4.181e+03   1.625e+03  -1.999e+03  -4.162e+02  -6.673e+02
Element   151
 -1.654e+03  -1.785e+03  -1.136e+03   1.770e+03   4.047e+02   6.905e+02
 -1.183e+03  -1.153e+03  -7.877e+02   1.136e+03   2.443e+02   4.488e+02
 -2.896e+02   4.451e+01  -1.257e+02  -6.510e+01  -6.338e+01  -1.054e+00
  6.043e+02   1.243e+03   5.377e+02  -1.266e+03  -3.756e+02  -4.400e+02
  1.076e+03   1.875e+03   8.882e+02  -1.900e+03  -5.421e+02  -6.671e+02
Element   152
 -1.119e+03  -1.531e+03  -8.843e+02   1.815e+03   4.661e+02   8.482e+02
 -6.685e+02  -9.259e+02  -5.437e+02   1.208e+03   2.988e+02   5.608e+02
  1.869e+02   2.220e+02   1.032e+02   5.708e+01  -2.180e+01   2.381e+01
  1.043e+03   1.371e+03   7.518e+02  -1.094e+03  -3.469e+02  -5.031e+02
  1.495e+03   1.977e+03   1.095e+03  -1.701e+03  -5.202e+02  -7.770e+02
Element   153
 -1.628e+03  -4.134e+01  -5.834e+02   9.610e+02   4.996e+02   8.046e+02
 -1.158e+03  -4.095e+01  -4.237e+02   6.095e+02   3.068e+02   5.310e+02
 -2.682e+02  -4.019e+01  -1.210e+02  -5.671e+01  -5.767e+01   1.925e+01
  6.218e+02  -3.940e+01   1.819e+02  -7.229e+02  -4.206e+02  -4.835e+02
  1.091e+03  -3.896e+01   3.417e+02  -1.074e+03  -6.114e+02  -7.450e+02
Element   154
 -1.169e+03   2.533e+02  -3.052e+02   1.025e+03   5.079e+02   8.825e+02
 -7.195e+02   2.282e+02  -1.617e+02   6.976e+02   3.176e+02   5.836e+02
  1.319e+02   1.805e+02   1.102e+02   7.639e+01  -4.181e+01   2.360e+01
  9.834e+02   1.329e+02   3.822e+02  -5.448e+02  -3.996e+02  -5.278e+02
  1.433e+03   1.077e+02   5.256e+02  -8.726e+02  -5.877e+02  -8.153e+02
Element   155
 -1.110e+03   1.122e+03  -2.002e+01  -7.202e+01   6.050e+02   8.159e+02
 -8.104e+02   7.017e+02  -4.490e+01  -5.859e+01   3.834e+02   5.404e+02
 -2.419e+02  -9.513e+01  -9.273e+01  -3.314e+01  -3.193e+01   2.246e+01
  3.262e+02  -8.923e+02  -1.414e+02  -7.681e+00  -4.410e+02  -4.899e+02
  6.257e+02  -1.313e+03  -1.675e+02   5.748e+00  -6.542e+02  -7.579e+02
Element   156
 -7.665e+02   1.391e+03   2.079e+02   1.035e+01   5.806e+02   8.241e+02
 -4.778e+02   9.605e+02   1.717e+02   3.480e+01   3.663e+02   5.439e+02
  6.923e+01   1.442e+02   1.023e+02   8.114e+01  -3.491e+01   1.694e+01
  6.158e+02  -6.727e+02   3.183e+01   1.275e+02  -4.298e+02  -5.045e+02
  9.039e+02  -1.104e+03  -5.748e+00   1.519e+02  -6.355e+02  -7.773e+02
Element   157
 -1.544e+02   1.630e+03   4.719e+02  -1.013e+03   7.082e+02   7.186e+02
 -1.739e+02   1.031e+03   2.875e+02  -6.624e+02   4.604e+02   4.719e+02
 -2.113e+02  -1.037e+02  -6.285e+01   1.336e+00  -2.333e+00   5.396e+00
 -2.492e+02  -1.239e+03  -4.143e+02   6.651e+02  -4.559e+02  -4.598e+02
 -2.694e+02  -1.838e+03  -6.002e+02   1.015e+03  -6.915e+02  -7.047e+02
Element   158
  4.179e+01   1.861e+03   6.186e+02  -9.389e+02   6.423e+02   6.686e+02
  3.257e+01   1.258e+03   4.326e+02  -5.904e+02   4.125e+02   4.389e+02
  1.468e+01   1.130e+02   7.921e+01   7.030e+01  -1.602e+01   4.838e+00
 -3.757e+00  -1.032e+03  -2.754e+02   7.310e+02  -4.351e+02  -4.277e+02
 -1.371e+01  -1.636e+03  -4.630e+02   1.079e+03  -6.524e+02  -6.552e+02
Element   159
  1.037e+03   1.589e+03   8.449e+02  -1.642e+03   7.565e+02   5.331e+02
  6.116e+02   1.010e+03   5.364e+02  -1.066e+03   4.971e+02   3.432e+02
 -1.951e+02  -8.712e+01  -4.887e+01   2.457e+01   1.316e+01  -1.910e+01
 -1.002e+03  -1.185e+03  -6.349e+02   1.115e+03  -4.607e+02  -3.844e+02
 -1.428e+03  -1.764e+03  -9.443e+02   1.691e+03  -7.067e+02  -5.784e+02
Element   160
  1.137e+03   1.786e+03   9.324e+02  -1.604e+03   6.471e+02   4.596e+02
  7.367e+02   1.199e+03   6.282e+02  -1.031e+03   4.205e+02   2.985e+02
 -2.143e+01   8.754e+01   5.099e+01   5.435e+01  -1.042e+00  -8.763e+00
 -7.799e+02  -1.025e+03  -5.270e+02   1.140e+03  -4.120e+02  -3.186e+02
 -1.180e+03  -1.612e+03  -8.323e+02   1.712e+03  -6.245e+02  -4.831e+02
Element   161
  2.264e+03   1.212e+03   1.107e+03  -1.862e+03   7.236e+02   3.218e+02
  1.417e+03   7.725e+02   7.084e+02  -1.208e+03   4.761e+02   1.998e+02
 -1.878e+02  -6.111e+01  -4.745e+01   3.353e+01   1.423e+01  -3.675e+01
 -1.793e+03  -8.948e+02  -8.035e+02   1.275e+03  -4.382e+02  -2.803e+02
 -2.640e+03  -1.335e+03  -1.202e+03   1.929e+03  -6.731e+02  -4.116e+02
Element   162
  2.326e+03   1.365e+03   1.158e+03  -1.870e+03   5.777e+02   2.554e+02
  1.507e+03   9.150e+02   7.657e+02  -1.212e+03   3.772e+02   1.637e+02
 -4.406e+01   6.141e+01   2.209e+01   3.643e+01   4.835e+00  -1.516e+01
 -1.596e+03  -7.923e+02  -7.216e+02   1.285e+03  -3.574e+02  -2.005e+02
 -2.414e+03  -1.243e+03  -1.114e+03   1.943e+03  -5.444e+02  -3.008e+02
Element   163
  3.366e+03   7.203e+02   1.283e+03  -1.668e+03   6.123e+02   1.401e+02
  2.142e+03   4.625e+02   8.233e+02  -1.080e+03   4.011e+02   7.990e+01
 -1.784e+02  -2.631e+01  -4.729e+01   3.329e+01   6.279e+00  -4.196e+01
 -2.498e+03  -5.150e+02  -9.178e+02   1.147e+03  -3.811e+02  -1.740e+02
 -3.722e+03  -7.728e+02  -1.377e+03   1.734e+03  -5.824e+02  -2.477e+02
Element   164
  3.428e+03   8.332e+02   1.325e+03  -1.721e+03   4.259e+02   9.678e+01
  2.225e+03   5.622e+02   8.695e+02  -1.118e+03   2.769e+02   6.132e+01
 -5.427e+01   4.874e+01   7.207e+00   2.541e+01   8.342e-01  -1.336e+01
 -2.334e+03  -4.647e+02  -8.549e+02   1.169e+03  -2.667e+02  -9.781e+01
 -3.536e+03  -7.355e+02  -1.310e+03   1.772e+03  -4.045e+02  -1.463e+02
Element   165
  4.185e+03   2.688e+02   1.385e+03  -1.126e+03   4.332e+02   1.459e+01
  2.681e+03   1.699e+02   8.899e+02  -7.279e+02   2.815e+02  -5.221e-01
 -1.689e+02  -1.747e+01  -4.930e+01   2.651e+01  -2.765e+00  -3.860e+01
 -3.019e+03  -2.048e+02  -9.882e+02   7.809e+02  -2.824e+02  -8.904e+01
 -4.522e+03  -3.035e+02  -1.483e+03   1.179e+03  -4.282e+02  -1.206e+02
Element   166
  4.274e+03   3.437e+02   1.453e+03  -1.214e+03   2.156e+02   1.175e+01
  2.774e+03   2.343e+02   9.544e+02  -7.902e+02   1.374e+02   8.635e+00
 -7.040e+01   2.703e+01   9.771e+00   1.371e+01  -6.384e+00  -6.578e+00
 -2.914e+03  -1.802e+02  -9.346e+02   8.176e+02  -1.444e+02  -3.397e+01
 -4.415e+03  -2.895e+02  -1.433e+03   1.242e+03  -2.149e+02  -5.333e+01
Element   167
  4.605e+03  -2.325e+00   1.448e+03  -3.792e+02   2.160e+02  -1.224e+01
  2.938e+03  -1.289e+01   9.285e+02  -2.439e+02   1.396e+02  -7.694e+00
 -2.204e+02  -3.292e+01  -5.584e+01   1.247e+01  -4.359e+00  -9.438e+00
 -3.379e+03  -5.297e+01  -1.040e+03   2.689e+02  -1.471e+02  -2.474e+01
 -5.046e+03  -6.355e+01  -1.560e+03   4.041e+02  -2.219e+02  -3.828e+01
Element   168
  4.730e+03   4.567e+01   1.455e+03  -4.574e+02  -4.675e+00   1.148e+00
  3.065e+03   3.191e+01   9.385e+02  -2.981e+02  -7.330e+00   1.102e+01
 -9.084e+01   5.871e+00  -4.049e+01   3.806e+00  -1.055e+01   1.940e+01
 -3.247e+03  -2.013e+01  -1.019e+03   3.058e+02  -1.141e+01   1.428e+01
 -4.912e+03  -3.384e+01  -1.536e+03   4.650e+02  -1.090e+01   6.140e+00
Element   169
 -1.734e+01  -6.841e+03  -6.701e+02   6.697e+02   7.242e+01   9.531e+01
  1.163e+00  -4.647e+03  -3.949e+02   4.595e+02   1.001e+02   8.171e+01
  3.580e+01  -4.900e+02   1.260e+02   6.120e+01   1.382e+02   5.840e+01
  6.988e+01   3.667e+03   6.455e+02  -3.371e+02   1.574e+02   3.832e+01
  8.762e+01   5.859e+03   9.191e+02  -5.473e+02   1.599e+02   2.902e+01
Element   170
  9.829e+01  -6.118e+03  -8.431e+02   4.813e+02  -3.321e+01   3.756e+02
  1.130e+02  -3.868e+03  -4.847e+02   2.933e+02  -4.927e+01   2.686e+02
  1.411e+02   3.977e+02   1.957e+02  -6.293e+01  -9.444e+01   6.737e+01
  1.697e+02   4.664e+03   8.770e+02  -4.192e+02  -1.589e+02  -1.321e+02
  1.850e+02   6.915e+03   1.237e+03  -6.072e+02  -2.006e+02  -2.366e+02
Element   171
 -5.781e+02  -5.832e+03  -9.614e+02   1.666e+03   2.568e+02   2.857e+02
 -4.339e+02  -3.962e+03  -6.825e+02   1.117e+03   2.331e+02   1.761e+02
 -1.605e+02  -4.181e+02  -1.535e+02   7.755e+01   1.758e+02  -2.562e+01
  1.130e+02   3.126e+03   3.758e+02  -9.624e+02   1.025e+02  -2.195e+02
  2.574e+02   4.996e+03   6.552e+02  -1.511e+03   5.729e+01  -3.186e+02
Element   172
 -7.959e+01  -5.148e+03  -8.319e+02   1.480e+03   2.041e+02   6.555e+02
  5.243e+01  -3.227e+03  -4.809e+02   9.553e+02   1.316e+02   4.574e+02
  3.035e+02   4.154e+02   1.865e+02  -3.955e+01  -1.863e+01   8.680e+01
  5.557e+02   4.059e+03   8.562e+02  -1.034e+03  -1.854e+02  -2.775e+02
  6.891e+02   5.982e+03   1.210e+03  -1.559e+03  -2.800e+02  -4.671e+02
Element   173
 -1.157e+03  -4.040e+03  -8.239e+02   2.106e+03   3.767e+02   5.181e+02
 -8.314e+02  -2.743e+03  -6.064e+02   1.407e+03   3.044e+02   3.169e+02
 -2.138e+02  -2.862e+02  -1.945e+02   7.989e+01   1.589e+02  -5.646e+01
  4.037e+02   2.171e+03   2.173e+02  -1.247e+03   2.315e+00  -4.192e+02
  7.295e+02   3.467e+03   4.345e+02  -1.947e+03  -8.481e+01  -6.064e+02
Element   174
 -5.949e+02  -3.437e+03  -7.102e+02   1.949e+03   3.716e+02   8.054e+02
 -2.827e+02  -2.126e+03  -4.142e+02   1.266e+03   2.553e+02   5.441e+02
  3.101e+02   3.603e+02   1.487e+02  -3.052e+01   2.608e+01   5.612e+01
  9.040e+02   2.848e+03   7.140e+02  -1.327e+03  -2.144e+02  -4.224e+02
  1.218e+03   4.160e+03   1.013e+03  -2.010e+03  -3.459e+02  -6.711e+02
Element   175
 -1.584e+03  -1.926e+03  -5.535e+02   1.836e+03   4.340e+02   7.011e+02
 -1.121e+03  -1.317e+03  -4.270e+02   1.217e+03   3.236e+02   4.348e+02
 -2.438e+02  -1.646e+02  -1.884e+02   4.345e+01   1.107e+02  -6.164e+01
  6.329e+02   9.874e+02   4.843e+01  -1.130e+03  -1.072e+02  -5.470e+02
  1.095e+03   1.595e+03   1.727e+02  -1.749e+03  -2.241e+02  -7.986e+02
Element   176
 -1.009e+03  -1.483e+03  -5.048e+02   1.761e+03   4.827e+02   8.730e+02
 -5.593e+02  -8.717e+02  -2.890e+02   1.154e+03   3.318e+02   5.744e+02
  2.936e+02   2.875e+02   1.211e+02   3.050e+00   4.194e+01   1.616e+01
  1.147e+03   1.447e+03   5.326e+02  -1.148e+03  -2.528e+02  -5.318e+02
  1.598e+03   2.059e+03   7.502e+02  -1.755e+03  -4.103e+02  -8.168e+02
Element   177
 -1.606e+03  -6.519e+01  -2.566e+02   9.928e+02   4.911e+02   8.206e+02
 -1.135e+03  -7.224e+01  -2.238e+02   6.441e+02   3.432e+02   5.180e+02
 -2.446e+02  -8.665e+01  -1.640e+02  -1.690e+01   6.366e+01  -4.855e+01
  6.447e+02  -1.024e+02  -1.073e+02  -6.779e+02  -2.145e+02  -6.058e+02
  1.113e+03  -1.113e+02  -7.857e+01  -1.027e+03  -3.607e+02  -8.961e+02
Element   178
 -1.107e+03   2.039e+02  -2.739e+02   1.041e+03   5.706e+02   8.657e+02
 -6.472e+02   2.030e+02  -1.496e+02   6.976e+02   3.887e+02   5.554e+02
  2.241e+02   2.015e+02   8.599e+01   4.615e+01   4.483e+01  -2.610e+01
  1.095e+03   2.001e+02   3.217e+02  -6.053e+02  -2.977e+02  -5.988e+02
  1.555e+03   1.993e+02   4.460e+02  -9.490e+02  -4.778e+02  -8.974e+02
Element   179
 -1.059e+03   1.178e+03   3.847e+01  -1.078e+02   5.714e+02   8.541e+02
 -7.567e+02   7.582e+02  -1.429e+01  -9.487e+01   3.833e+02   5.468e+02
 -1.848e+02  -3.959e+01  -1.171e+02  -7.031e+01   3.159e+01  -3.155e+01
  3.855e+02  -8.390e+02  -2.236e+02  -4.574e+01  -3.139e+02  -6.042e+02
  6.857e+02  -1.261e+03  -2.813e+02  -3.278e+01  -4.937e+02  -9.039e+02
Element   180
 -7.855e+02   1.308e+03  -6.225e+01   6.412e+01   6.411e+02   7.637e+02
 -4.754e+02   8.970e+02  -2.668e+01   6.794e+01   4.333e+02   4.767e+02
  1.122e+02   1.169e+02   4.006e+01   7.519e+01   4.418e+01  -6.300e+01
  6.994e+02  -6.635e+02   1.059e+02   8.243e+01  -3.386e+02  -5.970e+02
  1.009e+03  -1.075e+03   1.403e+02   8.625e+01  -5.379e+02  -8.765e+02
Element   181
 -4.681e+01   1.709e+03   2.899e+02  -1.115e+03   6.462e+02   7.718e+02
 -6.014e+01   1.114e+03   1.687e+02  -7.684e+02   4.231e+02   4.992e+02
 -8.656e+01  -1.559e+01  -6.347e+01  -1.121e+02   7.376e+00  -1.652e+01
 -1.145e+02  -1.147e+03  -2.990e+02   5.443e+02  -3.992e+02  -5.310e+02
 -1.298e+02  -1.744e+03  -4.245e+02   8.905e+02  -6.099e+02  -8.019e+02
Element   182
 -4.011e+01   1.757e+03   1.235e+02  -8.660e+02   6.834e+02   5.820e+02
 -2.568e+01   1.168e+03   7.887e+01  -5.363e+02   4.599e+02   3.481e+02
  1.280e+00   5.135e+01  -6.593e+00   8.873e+01   4.353e+01  -9.422e+01
  2.774e+01  -1.066e+03  -9.316e+01   7.138e+02  -3.634e+02  -5.349e+02
  4.150e+01  -1.655e+03  -1.393e+02   1.043e+03  -5.743e+02  -7.667e+02
Element   183
  1.216e+03   1.653e+03   4.825e+02  -1.777e+03   6.781e+02   6.075e+02
  8.082e+02   1.079e+03   3.113e+02  -1.211e+03   4.363e+02   3.981e+02
  3.452e+01  -8.202e+00  -1.482e+01  -1.383e+02  -1.446e+01  -1.210e+00
 -7.402e+02  -1.097e+03  -3.433e+02   9.346e+02  -4.549e+02  -4.037e+02
 -1.149e+03  -1.672e+03  -5.175e+02   1.501e+03  -6.832e+02  -6.173e+02
Element   184
  9.766e+02   1.663e+03   2.731e+02  -1.518e+03   6.708e+02   3.615e+02
  6.077e+02   1.090e+03   1.615e+02  -9.653e+02   4.494e+02   1.967e+02
 -9.180e+01   1.960e+00  -5.049e+01   8.245e+01   3.792e+01  -1.177e+02
 -7.917e+02  -1.086e+03  -2.633e+02   1.130e+03  -3.629e+02  -4.348e+02
 -1.161e+03  -1.660e+03  -3.758e+02   1.683e+03  -5.700e+02  -6.031e+02
Element   185
  2.518e+03   1.245e+03   6.247e+02  -1.987e+03   6.443e+02   4.201e+02
  1.705e+03   8.137e+02   4.187e+02  -1.349e+03   4.080e+02   2.837e+02
  1.630e+02  -3.902e+00   2.730e+01  -1.394e+02  -3.252e+01   1.970e+01
 -1.380e+03  -8.220e+02  -3.654e+02   1.070e+03  -4.636e+02  -2.514e+02
 -2.194e+03  -1.254e+03  -5.731e+02   1.708e+03  -6.872e+02  -3.973e+02
Element   186
  2.082e+03   1.246e+03   3.924e+02  -1.779e+03   5.757e+02   1.478e+02
  1.310e+03   8.055e+02   2.283e+02  -1.142e+03   3.827e+02   5.375e+01
 -1.543e+02  -3.001e+01  -8.275e+01   6.639e+01   2.454e+01  -1.295e+02
 -1.619e+03  -8.656e+02  -3.940e+02   1.275e+03  -3.234e+02  -3.194e+02
 -2.391e+03  -1.306e+03  -5.583e+02   1.912e+03  -5.027e+02  -4.222e+02
Element   187
  3.656e+03   7.134e+02   7.185e+02  -1.761e+03   5.325e+02   2.535e+02
  2.488e+03   4.632e+02   4.901e+02  -1.194e+03   3.311e+02   1.849e+02
  2.728e+02  -1.119e+01   5.660e+01  -1.196e+02  -4.486e+01   4.722e+01
 -1.942e+03  -4.858e+02  -3.774e+02   9.552e+02  -4.134e+02  -1.008e+02
 -3.111e+03  -7.363e+02  -6.065e+02   1.522e+03  -6.048e+02  -1.829e+02
Element   188
  3.104e+03   7.101e+02   4.864e+02  -1.637e+03   4.034e+02  -1.497e+01
  1.966e+03   4.469e+02   2.826e+02  -1.056e+03   2.630e+02  -5.191e+01
 -1.932e+02  -5.195e+01  -1.037e+02   4.501e+01   3.263e+00  -1.294e+02
 -2.352e+03  -5.507e+02  -4.898e+02   1.146e+03  -2.480e+02  -2.168e+02
 -3.491e+03  -8.138e+02  -6.934e+02   1.727e+03  -3.771e+02  -2.668e+02
Element   189
  4.494e+03   2.760e+02   7.859e+02  -1.192e+03   3.669e+02   1.363e+02
  3.064e+03   1.794e+02   5.427e+02  -8.073e+02   2.241e+02   1.182e+02
  3.522e+02  -3.855e+00   8.177e+01  -7.704e+01  -4.303e+01   7.454e+01
 -2.359e+03  -1.871e+02  -3.792e+02   6.532e+02  -3.056e+02   1.847e+01
 -3.789e+03  -2.837e+02  -6.223e+02   1.038e+03  -4.422e+02  -1.609e+01
Element   190
  3.888e+03   2.232e+02   5.678e+02  -1.155e+03   1.892e+02  -1.014e+02
  2.472e+03   1.182e+02   3.342e+02  -7.503e+02   1.144e+02  -1.023e+02
 -2.110e+02  -8.075e+01  -1.085e+02   1.664e+01  -2.303e+01  -1.132e+02
 -2.894e+03  -2.796e+02  -5.510e+02   7.835e+02  -1.548e+02  -1.362e+02
 -4.310e+03  -3.845e+02  -7.843e+02   1.188e+03  -2.220e+02  -1.533e+02
Element   191
  4.972e+03   4.256e+01   8.519e+02  -3.980e+02   1.813e+02   4.728e+01
  3.397e+03   3.220e+01   5.972e+02  -2.684e+02   1.077e+02   5.991e+01
  4.096e+02   1.273e+01   1.147e+02  -2.267e+01  -3.093e+01   7.354e+01
 -2.577e+03  -6.555e+00  -3.674e+02   2.231e+02  -1.683e+02   7.368e+01
 -4.153e+03  -1.665e+01  -6.216e+02   3.527e+02  -2.403e+02   6.832e+01
Element   192
  4.408e+03   2.550e+00   8.566e+02  -4.509e+02  -3.136e+01  -9.712e+01
  2.822e+03  -1.097e+01   5.844e+02  -2.957e+02  -2.989e+01  -8.875e+01
 -1.850e+02  -3.662e+01   6.828e+01  -1.478e+00  -2.527e+01  -8.319e+01
 -3.192e+03  -6.228e+01  -4.479e+02   2.928e+02  -1.826e+01  -9.112e+01
 -4.778e+03  -7.582e+01  -7.202e+02   4.480e+02  -1.360e+01  -1.007e+02

		 *** Successful end of program ***
