

TIME =   1.000e+00

Nodal Displacements

 Node          U1          U2          U3
    1  -4.506e-01   0.000e+00   0.000e+00
    2  -4.506e-01   0.000e+00   0.000e+00
    3  -4.300e-01   0.000e+00  -1.773e-04
    4  -4.300e-01   0.000e+00  -8.047e-04
    5  -4.451e-01   0.000e+00  -9.652e-04
    6  -4.386e-01   0.000e+00  -5.799e-04
    7  -4.359e-01   0.000e+00  -6.424e-04
    8  -4.339e-01   0.000e+00  -6.144e-04
    9  -4.320e-01   0.000e+00  -6.386e-04
   10  -4.300e-01   0.000e+00  -6.495e-04
   11  -4.284e-01   0.000e+00  -5.994e-04
   12  -4.284e-01   0.000e+00  -4.461e-04
   13  -4.300e-01   0.000e+00  -3.411e-04
   14  -4.320e-01   0.000e+00  -3.545e-04
   15  -4.339e-01   0.000e+00  -3.722e-04
   16  -4.359e-01   0.000e+00  -2.829e-04
   17  -4.386e-01   0.000e+00  -1.722e-04
   18  -4.451e-01   0.000e+00   5.348e-04
   19  -4.299e-01   3.972e-03   0.000e+00
   20  -3.828e-01   1.415e-02   0.000e+00
   21  -3.246e-01   3.474e-02   0.000e+00
   22  -2.607e-01   6.675e-02   0.000e+00
   23  -1.970e-01   1.097e-01   0.000e+00
   24  -1.381e-01   1.612e-01   0.000e+00
   25  -8.812e-02   2.176e-01   0.000e+00
   26  -4.966e-02   2.739e-01   0.000e+00
   27  -2.346e-02   3.249e-01   0.000e+00
   28  -8.463e-03   3.656e-01   0.000e+00
   29  -1.949e-03   3.917e-01   0.000e+00
   30   0.000e+00   4.008e-01   0.000e+00
   31  -4.291e-01  -1.990e-03   0.000e+00
   32  -3.807e-01   6.333e-03   0.000e+00
   33  -3.208e-01   2.554e-02   0.000e+00
   34  -2.553e-01   5.724e-02   0.000e+00
   35  -1.899e-01   1.005e-01   0.000e+00
   36  -1.300e-01   1.531e-01   0.000e+00
   37  -7.966e-02   2.111e-01   0.000e+00
   38  -4.159e-02   2.692e-01   0.000e+00
   39  -1.656e-02   3.220e-01   0.000e+00
   40  -3.426e-03   3.642e-01   0.000e+00
   41   7.072e-04   3.914e-01   0.000e+00
   42   0.000e+00   4.008e-01   0.000e+00
   43  -4.270e-01  -1.489e-03  -4.071e-04
   44  -3.811e-01   5.969e-03   1.160e-04
   45  -3.213e-01   2.530e-02   1.806e-04
   46  -2.556e-01   5.696e-02   1.828e-04
   47  -1.901e-01   1.004e-01   1.194e-04
   48  -1.300e-01   1.531e-01   6.656e-05
   49  -7.965e-02   2.111e-01   2.215e-05
   50  -4.157e-02   2.693e-01  -2.392e-06
   51  -1.655e-02   3.221e-01  -1.364e-05
   52  -3.423e-03   3.642e-01  -1.452e-05
   53   7.069e-04   3.914e-01  -1.225e-05
   54   0.000e+00   4.008e-01  -1.070e-05
   55  -4.234e-01  -1.041e-03  -4.506e-04
   56  -3.815e-01   5.575e-03   1.860e-05
   57  -3.224e-01   2.450e-02   3.068e-04
   58  -2.564e-01   5.635e-02   3.029e-04
   59  -1.905e-01   1.001e-01   2.354e-04
   60  -1.301e-01   1.531e-01   1.302e-04
   61  -7.963e-02   2.112e-01   5.057e-05
   62  -4.153e-02   2.694e-01  -3.004e-06
   63  -1.653e-02   3.222e-01  -2.526e-05
   64  -3.418e-03   3.643e-01  -2.919e-05
   65   7.049e-04   3.914e-01  -2.447e-05
   66   0.000e+00   4.008e-01  -2.204e-05
   67  -4.214e-01  -1.036e-03  -4.154e-04
   68  -3.814e-01   5.284e-03  -4.746e-05
   69  -3.237e-01   2.364e-02   2.733e-04
   70  -2.575e-01   5.552e-02   3.864e-04
   71  -1.911e-01   9.958e-02   3.150e-04
   72  -1.303e-01   1.529e-01   1.981e-04
   73  -7.962e-02   2.113e-01   7.903e-05
   74  -4.147e-02   2.697e-01   1.648e-06
   75  -1.649e-02   3.224e-01  -3.666e-05
   76  -3.405e-03   3.644e-01  -4.326e-05
   77   7.037e-04   3.915e-01  -3.806e-05
   78   0.000e+00   4.008e-01  -3.401e-05
   79  -4.201e-01  -1.032e-03  -4.829e-04
   80  -3.813e-01   4.974e-03  -1.073e-04
   81  -3.246e-01   2.297e-02   2.305e-04
   82  -2.586e-01   5.466e-02   3.956e-04
   83  -1.918e-01   9.897e-02   3.779e-04
   84  -1.306e-01   1.527e-01   2.494e-04
   85  -7.964e-02   2.114e-01   1.117e-04
   86  -4.140e-02   2.699e-01   6.865e-06
   87  -1.642e-02   3.227e-01  -4.448e-05
   88  -3.381e-03   3.646e-01  -5.709e-05
   89   7.060e-04   3.916e-01  -5.071e-05
   90   0.000e+00   4.008e-01  -4.650e-05
   91  -4.187e-01  -1.011e-03  -4.895e-04
   92  -3.810e-01   4.810e-03  -1.697e-04
   93  -3.252e-01   2.243e-02   1.801e-04
   94  -2.596e-01   5.392e-02   3.835e-04
   95  -1.925e-01   9.831e-02   4.017e-04
   96  -1.310e-01   1.524e-01   2.925e-04
   97  -7.971e-02   2.115e-01   1.422e-04
   98  -4.135e-02   2.702e-01   2.439e-05
   99  -1.638e-02   3.230e-01  -3.905e-05
  100  -3.370e-03   3.648e-01  -5.394e-05
  101   6.995e-04   3.916e-01  -4.747e-05
  102   0.000e+00   4.008e-01  -4.183e-05
  103  -4.171e-01  -9.297e-04  -5.323e-04
  104  -3.803e-01   4.774e-03  -2.155e-04
  105  -3.254e-01   2.211e-02   1.225e-04
  106  -2.603e-01   5.333e-02   3.529e-04
  107  -1.932e-01   9.772e-02   4.053e-04
  108  -1.314e-01   1.520e-01   3.180e-04
  109  -7.989e-02   2.114e-01   1.763e-04
  110  -4.141e-02   2.703e-01   5.443e-05
  111  -1.642e-02   3.230e-01  -1.080e-05
  112  -3.430e-03   3.647e-01  -2.639e-05
  113   6.535e-04   3.914e-01  -1.744e-05
  114   0.000e+00   4.006e-01  -1.141e-05
  115  -4.157e-01  -8.680e-04  -4.783e-04
  116  -3.797e-01   4.745e-03  -1.949e-04
  117  -3.256e-01   2.184e-02   1.318e-04
  118  -2.609e-01   5.284e-02   3.505e-04
  119  -1.939e-01   9.718e-02   4.065e-04
  120  -1.318e-01   1.517e-01   3.209e-04
  121  -8.007e-02   2.113e-01   1.748e-04
  122  -4.145e-02   2.704e-01   4.513e-05
  123  -1.645e-02   3.232e-01  -2.943e-05
  124  -3.467e-03   3.647e-01  -5.078e-05
  125   6.204e-04   3.913e-01  -4.566e-05
  126   0.000e+00   4.004e-01  -3.972e-05
  127  -4.175e-01  -1.229e-03  -8.935e-05
  128  -3.816e-01   4.016e-03   1.396e-04
  129  -3.275e-01   2.082e-02   3.683e-04
  130  -2.624e-01   5.179e-02   4.886e-04
  131  -1.947e-01   9.648e-02   4.409e-04
  132  -1.319e-01   1.516e-01   2.654e-04
  133  -7.958e-02   2.121e-01   4.209e-05
  134  -4.072e-02   2.718e-01  -1.491e-04
  135  -1.574e-02   3.250e-01  -2.697e-04
  136  -2.948e-03   3.668e-01  -3.228e-04
  137   8.868e-04   3.934e-01  -3.360e-04
  138   0.000e+00   4.025e-01  -3.371e-04
  139  -4.179e-01   2.314e-03  -7.071e-04
  140  -3.834e-01   1.061e-02  -4.703e-04
  141  -3.311e-01   2.956e-02  -1.675e-04
  142  -2.680e-01   6.153e-02   9.032e-05
  143  -2.021e-01   1.061e-01   2.534e-04
  144  -1.404e-01   1.601e-01   3.111e-04
  145  -8.832e-02   2.188e-01   3.015e-04
  146  -4.891e-02   2.765e-01   2.686e-04
  147  -2.261e-02   3.278e-01   2.444e-04
  148  -7.885e-03   3.681e-01   2.378e-04
  149  -1.691e-03   3.937e-01   2.418e-04
  150   0.000e+00   4.025e-01   2.455e-04
  151  -4.162e-01   2.710e-03  -3.748e-04
  152  -3.815e-01   1.137e-02  -1.744e-04
  153  -3.292e-01   3.056e-02   4.722e-05
  154  -2.665e-01   6.250e-02   2.175e-04
  155  -2.012e-01   1.066e-01   2.814e-04
  156  -1.402e-01   1.600e-01   2.533e-04
  157  -8.871e-02   2.180e-01   1.742e-04
  158  -4.957e-02   2.751e-01   9.073e-05
  159  -2.329e-02   3.260e-01   3.145e-05
  160  -8.398e-03   3.661e-01   1.606e-06
  161  -1.960e-03   3.916e-01  -7.728e-06
  162   0.000e+00   4.004e-01  -9.250e-06
  163  -4.175e-01   2.734e-03  -2.603e-04
  164  -3.821e-01   1.153e-02  -8.813e-05
  165  -3.290e-01   3.093e-02   1.152e-04
  166  -2.659e-01   6.303e-02   2.472e-04
  167  -2.005e-01   1.072e-01   2.812e-04
  168  -1.397e-01   1.603e-01   2.288e-04
  169  -8.850e-02   2.180e-01   1.333e-04
  170  -4.952e-02   2.749e-01   3.921e-05
  171  -2.327e-02   3.259e-01  -2.937e-05
  172  -8.384e-03   3.660e-01  -6.631e-05
  173  -1.944e-03   3.917e-01  -8.103e-05
  174   0.000e+00   4.005e-01  -8.412e-05
  175  -4.192e-01   2.765e-03  -2.924e-04
  176  -3.828e-01   1.170e-02  -9.610e-05
  177  -3.289e-01   3.137e-02   9.698e-05
  178  -2.652e-01   6.365e-02   2.286e-04
  179  -1.998e-01   1.077e-01   2.614e-04
  180  -1.392e-01   1.607e-01   2.140e-04
  181  -8.828e-02   2.181e-01   1.324e-04
  182  -4.944e-02   2.749e-01   5.031e-05
  183  -2.324e-02   3.258e-01  -7.395e-06
  184  -8.347e-03   3.661e-01  -3.859e-05
  185  -1.915e-03   3.919e-01  -5.009e-05
  186   0.000e+00   4.008e-01  -5.270e-05
  187  -4.206e-01   2.863e-03  -2.689e-04
  188  -3.832e-01   1.205e-02  -1.013e-04
  189  -3.283e-01   3.199e-02   9.349e-05
  190  -2.643e-01   6.440e-02   2.092e-04
  191  -1.990e-01   1.083e-01   2.289e-04
  192  -1.388e-01   1.609e-01   1.905e-04
  193  -8.817e-02   2.180e-01   1.173e-04
  194  -4.948e-02   2.746e-01   4.935e-05
  195  -2.330e-02   3.255e-01   6.398e-07
  196  -8.378e-03   3.659e-01  -2.411e-05
  197  -1.923e-03   3.919e-01  -3.327e-05
  198   0.000e+00   4.008e-01  -3.493e-05
  199  -4.220e-01   3.062e-03  -2.551e-04
  200  -3.833e-01   1.253e-02  -5.658e-05
  201  -3.275e-01   3.278e-02   9.643e-05
  202  -2.631e-01   6.522e-02   1.672e-04
  203  -1.982e-01   1.089e-01   1.920e-04
  204  -1.385e-01   1.611e-01   1.520e-04
  205  -8.811e-02   2.179e-01   9.464e-05
  206  -4.954e-02   2.743e-01   3.773e-05
  207  -2.337e-02   3.253e-01  -3.533e-07
  208  -8.417e-03   3.658e-01  -2.030e-05
  209  -1.936e-03   3.918e-01  -2.720e-05
  210   0.000e+00   4.008e-01  -2.860e-05
  211  -4.240e-01   3.254e-03  -2.200e-05
  212  -3.835e-01   1.317e-02   2.408e-05
  213  -3.262e-01   3.369e-02   5.124e-05
  214  -2.620e-01   6.598e-02   1.281e-04
  215  -1.975e-01   1.093e-01   1.327e-04
  216  -1.382e-01   1.612e-01   1.095e-04
  217  -8.810e-02   2.177e-01   6.473e-05
  218  -4.960e-02   2.741e-01   2.538e-05
  219  -2.342e-02   3.251e-01  -2.274e-06
  220  -8.443e-03   3.656e-01  -1.605e-05
  221  -1.944e-03   3.918e-01  -2.106e-05
  222   0.000e+00   4.008e-01  -2.200e-05
  223  -4.277e-01   3.605e-03   2.089e-04
  224  -3.832e-01   1.389e-02  -1.185e-05
  225  -3.250e-01   3.443e-02   3.940e-05
  226  -2.611e-01   6.654e-02   5.953e-05
  227  -1.971e-01   1.096e-01   7.173e-05
  228  -1.381e-01   1.612e-01   5.582e-05
  229  -8.810e-02   2.176e-01   3.398e-05
  230  -4.964e-02   2.740e-01   1.268e-05
  231  -2.345e-02   3.249e-01  -1.370e-06
  232  -8.458e-03   3.656e-01  -8.642e-06
  233  -1.947e-03   3.917e-01  -1.121e-05
  234   0.000e+00   4.008e-01  -1.171e-05

Element Stress

        S11         S22         S33         S12         S23         S13
Element     1
 -4.431e+02  -5.735e+04  -2.919e+04   4.921e+03   1.760e+03   8.641e+02
 -5.237e+02  -3.950e+04  -2.068e+04   3.757e+03   8.461e+02   9.347e+02
 -4.971e+02  -5.271e+03  -4.353e+03   1.538e+03  -9.088e+02   1.070e+03
 -2.358e+02   2.947e+04   1.221e+04  -6.987e+02  -2.693e+03   1.207e+03
 -3.373e+00   4.800e+04   2.104e+04  -1.886e+03  -3.645e+03   1.280e+03
Element     2
 -1.080e+03  -2.572e+04  -1.073e+04   5.386e+03   9.297e+02  -2.807e+02
 -8.477e+02  -1.799e+04  -7.565e+03   3.849e+03   1.613e+02  -1.253e+02
 -3.228e+02  -3.181e+03  -1.476e+03   9.189e+02  -1.320e+03   1.743e+02
  3.122e+02   1.185e+04   4.725e+03  -2.034e+03  -2.834e+03   4.802e+02
  6.914e+02   1.987e+04   8.042e+03  -3.601e+03  -3.646e+03   6.442e+02
Element     3
 -1.682e+03  -1.499e+04  -2.809e+03   5.271e+03  -7.581e+02   1.759e+02
 -1.181e+03  -1.028e+04  -1.554e+03   3.668e+03  -7.358e+02   1.686e+02
 -1.798e+02  -1.248e+03   8.693e+02   6.132e+02  -7.131e+02   1.614e+02
  8.869e+02   7.904e+03   3.352e+03  -2.463e+03  -7.162e+02   1.629e+02
  1.476e+03   1.278e+04   4.685e+03  -4.095e+03  -7.282e+02   1.671e+02
Element     4
 -1.957e+03  -7.877e+03  -1.269e+02   4.016e+03  -3.621e+02   1.982e+02
 -1.338e+03  -5.267e+03   5.125e+02   2.722e+03  -3.377e+02   1.843e+02
 -1.397e+02  -2.783e+02   1.746e+03   2.588e+02  -3.064e+02   1.652e+02
  1.094e+03   4.766e+03   3.007e+03  -2.218e+03  -2.948e+02   1.557e+02
  1.758e+03   7.449e+03   3.683e+03  -3.529e+03  -2.965e+02   1.547e+02
Element     5
 -1.405e+03  -2.865e+03   1.114e+03   2.067e+03  -2.980e+02   1.771e+02
 -9.497e+02  -1.840e+03   1.340e+03   1.379e+03  -2.203e+02   1.255e+02
 -7.927e+01   1.146e+02   1.770e+03   7.091e+01  -8.033e+01   3.264e+01
  8.009e+02   2.082e+03   2.205e+03  -1.242e+03   5.004e+01  -5.384e+01
  1.269e+03   3.126e+03   2.437e+03  -1.936e+03   1.149e+02  -9.688e+01
Element     6
  4.015e+02   8.354e+02   1.895e+03  -5.985e+02  -6.539e+01   7.347e+01
  2.280e+02   6.046e+02   1.687e+03  -3.974e+02  -4.008e+01   5.041e+01
 -1.023e+02   1.656e+02   1.292e+03  -1.583e+01   9.714e+00   5.135e+00
 -4.344e+02  -2.753e+02   8.946e+02   3.661e+02   6.188e+01  -4.219e+01
 -6.102e+02  -5.087e+02   6.841e+02   5.677e+02   9.035e+01  -6.798e+01
Element     7
  3.651e+03   3.059e+03   2.816e+03  -3.362e+03  -1.971e+01   1.164e+01
  2.337e+03   2.045e+03   2.091e+03  -2.210e+03  -1.128e+01   2.823e+00
 -1.493e+02   1.273e+02   7.175e+02  -2.850e+01   1.408e+01  -2.457e+01
 -2.629e+03  -1.785e+03  -6.526e+02   2.151e+03   5.174e+01  -6.596e+01
 -3.934e+03  -2.791e+03  -1.374e+03   3.299e+03   7.656e+01  -9.343e+01
Element     8
  8.089e+03   3.784e+03   3.871e+03  -5.566e+03   2.410e+01  -4.047e+01
  5.208e+03   2.487e+03   2.603e+03  -3.649e+03   1.332e+01  -2.497e+01
 -2.237e+02   5.288e+01   2.161e+02  -2.436e+01   6.067e+00  -1.532e+01
 -5.616e+03  -2.352e+03  -2.149e+03   3.589e+03   1.609e+01  -3.149e+01
 -8.445e+03  -3.610e+03  -3.389e+03   5.490e+03   2.835e+01  -5.043e+01
Element     9
  1.312e+04   3.296e+03   4.999e+03  -6.603e+03   1.229e+01  -5.611e+01
  8.462e+03   2.139e+03   3.221e+03  -4.322e+03   1.613e-01  -3.125e+01
 -2.933e+02  -8.980e+00  -1.136e+02  -1.492e+01  -1.038e+01  -9.373e+00
 -8.956e+03  -2.099e+03  -3.401e+03   4.270e+03  -4.612e+00  -2.056e+01
 -1.349e+04  -3.178e+03  -5.116e+03   6.521e+03   5.003e+00  -3.977e+01
Element    10
  1.792e+04   2.121e+03   6.035e+03  -6.185e+03   3.625e+00  -5.926e+01
  1.157e+04   1.344e+03   3.833e+03  -4.045e+03  -6.517e+00  -3.057e+01
 -3.548e+02  -6.352e+01  -2.856e+02  -8.574e+00  -1.726e+01  -1.161e+00
 -1.213e+04  -1.387e+03  -4.329e+03   4.000e+03  -1.691e+01  -4.450e+00
 -1.827e+04  -2.051e+03  -6.432e+03   6.104e+03  -1.225e+01  -1.936e+01
Element    11
  2.169e+04   8.840e+02   6.837e+03  -4.375e+03  -1.395e+01  -4.144e+01
  1.401e+04   5.173e+02   4.331e+03  -2.860e+03  -1.826e+01  -2.049e+01
 -3.986e+02  -9.962e+01  -3.449e+02  -4.039e+00  -2.280e+01   9.363e-01
 -1.459e+04  -6.142e+02  -4.923e+03   2.829e+03  -2.257e+01  -1.565e+00
 -2.200e+04  -8.445e+02  -7.298e+03   4.315e+03  -2.054e+01  -1.253e+01
Element    12
  2.376e+04   1.137e+02   7.272e+03  -1.577e+03  -2.226e+01  -1.615e+01
  1.534e+04   3.992e+00   4.609e+03  -1.031e+03  -2.306e+01  -7.965e+00
 -4.222e+02  -1.189e+02  -3.552e+02  -1.118e+00  -2.414e+01   8.362e-01
 -1.594e+04  -1.304e+02  -5.208e+03   1.020e+03  -2.464e+01   8.547e-01
 -2.403e+04  -9.157e+01  -7.724e+03   1.555e+03  -2.468e+01  -2.674e+00
Element    13
  3.178e+02  -4.041e+04  -9.752e+03   2.773e+03   1.417e+03  -1.651e+02
  2.449e+02  -2.672e+04  -7.293e+03   1.868e+03   5.497e+02  -8.951e+01
  2.590e+02  -4.504e+02  -2.479e+03   1.399e+02  -1.115e+03   5.506e+01
  4.724e+02   2.625e+04   2.537e+03  -1.603e+03  -2.806e+03   2.013e+02
  6.652e+02   4.052e+04   5.263e+03  -2.529e+03  -3.708e+03   2.792e+02
Element    14
 -1.093e+03  -2.878e+04  -1.047e+04   6.146e+03   1.189e+03  -1.877e+02
 -8.035e+02  -1.918e+04  -7.466e+03   4.228e+03   1.534e+01   5.383e+01
 -1.470e+02  -7.858e+02  -1.655e+03   5.694e+02  -2.243e+03   5.183e+02
  6.515e+02   1.790e+04   4.304e+03  -3.118e+03  -4.545e+03   9.916e+02
  1.130e+03   2.787e+04   7.506e+03  -5.075e+03  -5.777e+03   1.245e+03
Element    15
 -1.802e+03  -1.564e+04  -5.226e+03   5.492e+03  -9.354e+02   2.076e+02
 -1.252e+03  -1.050e+04  -3.420e+03   3.738e+03  -1.188e+03   2.926e+02
 -1.538e+02  -6.557e+02   5.772e+01   3.940e+02  -1.689e+03   4.614e+02
  1.018e+03   9.325e+03   3.605e+03  -2.972e+03  -2.219e+03   6.403e+02
  1.666e+03   1.464e+04   5.504e+03  -4.757e+03  -2.511e+03   7.387e+02
Element    16
 -2.103e+03  -8.422e+03  -1.303e+03   4.337e+03  -1.099e+03   5.011e+02
 -1.433e+03  -5.590e+03  -4.357e+02   2.935e+03  -9.831e+02   4.421e+02
 -1.357e+02  -1.785e+02   1.227e+03   2.679e+02  -7.784e+02   3.379e+02
  1.197e+03   5.290e+03   2.917e+03  -2.414e+03  -5.941e+02   2.438e+02
  1.914e+03   8.199e+03   3.818e+03  -3.834e+03  -5.050e+02   1.981e+02
Element    17
 -1.442e+03  -2.886e+03   5.551e+02   2.068e+03  -6.139e+02   4.179e+02
 -9.936e+02  -1.880e+03   8.643e+02   1.393e+03  -4.804e+02   3.263e+02
 -1.385e+02   3.599e+01   1.452e+03   1.102e+02  -2.341e+02   1.573e+02
  7.246e+02   1.963e+03   2.041e+03  -1.177e+03   3.325e+00  -5.736e+00
  1.183e+03   2.985e+03   2.352e+03  -1.858e+03   1.250e+02  -8.936e+01
Element    18
  4.482e+02   8.951e+02   1.873e+03  -6.372e+02  -2.705e+02   2.369e+02
  2.491e+02   6.339e+02   1.641e+03  -4.070e+02  -1.770e+02   1.545e+02
 -1.311e+02   1.360e+02   1.196e+03   2.976e+01   2.309e+00  -3.433e+00
 -5.150e+02  -3.658e+02   7.443e+02   4.670e+02   1.844e+02  -1.638e+02
 -7.189e+02  -6.319e+02   5.037e+02   6.978e+02   2.816e+02  -2.494e+02
Element    19
  3.730e+03   3.115e+03   2.885e+03  -3.438e+03  -3.719e+01   5.440e+01
  2.379e+03   2.072e+03   2.127e+03  -2.253e+03  -8.018e+00   2.024e+01
 -1.761e+02   1.004e+02   6.924e+02  -1.013e+01   5.692e+01  -5.545e+01
 -2.725e+03  -1.866e+03  -7.406e+02   2.231e+03   1.345e+02  -1.455e+02
 -4.068e+03  -2.902e+03  -1.496e+03   3.412e+03   1.804e+02  -1.988e+02
Element    20
  8.159e+03   3.816e+03   3.968e+03  -5.605e+03   3.022e+01  -5.565e+01
  5.252e+03   2.509e+03   2.673e+03  -3.672e+03   2.835e+01  -5.265e+01
 -2.277e+02   5.381e+01   2.348e+02  -1.520e+01   3.805e+01  -6.678e+01
 -5.669e+03  -2.372e+03  -2.183e+03   3.629e+03   6.510e+01  -1.069e+02
 -8.523e+03  -3.640e+03  -3.450e+03   5.547e+03   8.637e+01  -1.385e+02
Element    21
  1.316e+04   3.303e+03   5.045e+03  -6.622e+03   4.619e+01  -1.123e+02
  8.486e+03   2.143e+03   3.256e+03  -4.333e+03   3.023e+01  -8.095e+01
 -2.953e+02  -1.264e+01  -9.798e+01  -1.273e+01   1.250e+01  -4.690e+01
 -8.984e+03  -2.109e+03  -3.405e+03   4.285e+03   1.115e+01  -4.605e+01
 -1.353e+04  -3.192e+03  -5.130e+03   6.544e+03   1.704e+01  -5.898e+01
Element    22
  1.793e+04   2.125e+03   6.054e+03  -6.184e+03   2.089e+01  -1.161e+02
  1.158e+04   1.348e+03   3.851e+03  -4.043e+03   7.583e+00  -7.756e+01
 -3.519e+02  -5.938e+01  -2.690e+02  -6.898e+00  -9.140e+00  -2.946e+01
 -1.212e+04  -1.383e+03  -4.313e+03   4.002e+03  -1.473e+01  -1.414e+01
 -1.827e+04  -2.047e+03  -6.416e+03   6.106e+03  -1.320e+01  -1.928e+01
Element    23
  2.167e+04   8.852e+02   6.829e+03  -4.370e+03  -3.755e+00  -8.718e+01
  1.399e+04   5.188e+02   4.330e+03  -2.856e+03  -1.050e+01  -5.564e+01
 -3.970e+02  -9.763e+01  -3.338e+02  -3.074e+00  -1.963e+01  -1.421e+01
 -1.458e+04  -6.117e+02  -4.899e+03   2.827e+03  -2.398e+01   3.188e+00
 -2.197e+04  -8.417e+02  -7.268e+03   4.311e+03  -2.434e+01   2.684e+00
Element    24
  2.372e+04   1.176e+02   7.257e+03  -1.574e+03  -2.220e+01  -3.121e+01
  1.532e+04   8.011e+00   4.603e+03  -1.029e+03  -2.331e+01  -1.966e+01
 -4.201e+02  -1.147e+02  -3.445e+02  -8.185e-01  -2.499e+01  -4.494e+00
 -1.592e+04  -1.261e+02  -5.181e+03   1.018e+03  -2.608e+01   1.871e+00
 -2.399e+04  -8.731e+01  -7.687e+03   1.552e+03  -2.643e+01   1.682e+00
Element    25
  2.155e+02  -3.544e+04  -1.123e+04   2.397e+03   1.414e+02  -1.640e+01
  1.533e+02  -2.280e+04  -7.742e+03   1.561e+03  -4.592e+01  -5.778e-01
  1.703e+02   1.456e+03  -9.981e+02  -3.628e+01  -4.131e+02   3.022e+01
  3.637e+02   2.610e+04   5.922e+03  -1.647e+03  -7.963e+02   6.206e+01
  5.369e+02   3.925e+04   9.644e+03  -2.502e+03  -1.005e+03   7.928e+01
Element    26
 -9.440e+02  -2.823e+04  -9.367e+03   5.856e+03   3.773e+02  -1.548e+02
 -6.379e+02  -1.829e+04  -6.564e+03   3.859e+03  -1.947e+02  -3.717e+01
  5.210e+01   7.686e+02  -1.142e+03   4.870e+01  -1.309e+03   1.918e+02
  8.856e+02   2.012e+04   4.423e+03  -3.792e+03  -2.462e+03   4.286e+02
  1.383e+03   3.045e+04   7.416e+03  -5.830e+03  -3.086e+03   5.566e+02
Element    27
 -2.087e+03  -1.781e+04  -7.029e+03   6.331e+03  -3.593e+02   9.312e+01
 -1.429e+03  -1.167e+04  -4.816e+03   4.232e+03  -7.552e+02   2.283e+02
 -1.133e+02   9.200e+01  -5.547e+02   2.324e+02  -1.533e+03   4.940e+02
  1.291e+03   1.201e+04   3.792e+03  -3.794e+03  -2.348e+03   7.719e+02
  2.067e+03   1.837e+04   6.120e+03  -5.929e+03  -2.792e+03   9.235e+02
Element    28
 -2.288e+03  -9.022e+03  -3.140e+03   4.639e+03  -1.090e+03   4.928e+02
 -1.562e+03  -5.963e+03  -1.905e+03   3.122e+03  -1.035e+03   4.630e+02
 -1.568e+02  -1.159e+02   4.597e+02   2.361e+02  -9.470e+02   4.147e+02
  1.287e+03   5.792e+03   2.854e+03  -2.665e+03  -8.810e+02   3.772e+02
  2.064e+03   8.934e+03   4.130e+03  -4.201e+03  -8.550e+02   3.617e+02
Element    29
 -1.540e+03  -3.063e+03  -1.254e+02   2.223e+03  -8.037e+02   5.294e+02
 -1.073e+03  -2.006e+03   2.654e+02   1.517e+03  -6.471e+02   4.228e+02
 -1.799e+02   6.597e+00   1.007e+03   1.740e+02  -3.572e+02   2.255e+02
  7.205e+02   2.031e+03   1.750e+03  -1.173e+03  -7.644e+01   3.417e+01
  1.199e+03   3.103e+03   2.142e+03  -1.886e+03   6.798e+01  -6.428e+01
Element    30
  5.173e+02   9.926e+02   1.663e+03  -7.351e+02  -3.975e+02   3.587e+02
  2.739e+02   6.737e+02   1.426e+03  -4.537e+02  -2.760e+02   2.505e+02
 -1.911e+02   6.528e+01   9.726e+02   8.030e+01  -4.285e+01   4.291e+01
 -6.607e+02  -5.479e+02   5.108e+02   6.148e+02   1.938e+02  -1.677e+02
 -9.104e+02  -8.733e+02   2.640e+02   8.971e+02   3.200e+02  -2.801e+02
Element    31
  3.861e+03   3.215e+03   2.991e+03  -3.543e+03  -1.149e+02   1.335e+02
  2.457e+03   2.133e+03   2.182e+03  -2.312e+03  -5.747e+01   6.790e+01
 -2.003e+02   8.714e+01   6.496e+02   1.857e+01   6.136e+01  -6.767e+01
 -2.852e+03  -1.955e+03  -8.831e+02   2.347e+03   1.932e+02  -2.180e+02
 -4.249e+03  -3.030e+03  -1.692e+03   3.574e+03   2.679e+02  -3.033e+02
Element    32
  8.291e+03   3.864e+03   4.067e+03  -5.698e+03   2.803e+01  -4.341e+01
  5.334e+03   2.534e+03   2.741e+03  -3.730e+03   3.475e+01  -5.362e+01
 -2.407e+02   3.632e+01   2.419e+02  -1.021e+01   6.093e+01  -9.309e+01
 -5.776e+03  -2.432e+03  -2.236e+03   3.698e+03   1.047e+02  -1.589e+02
 -8.680e+03  -3.723e+03  -3.535e+03   5.649e+03   1.349e+02  -2.042e+02
Element    33
  1.324e+04   3.318e+03   5.120e+03  -6.660e+03   5.630e+01  -1.415e+02
  8.542e+03   2.151e+03   3.317e+03  -4.359e+03   4.244e+01  -1.126e+02
 -2.889e+02  -1.509e+01  -6.448e+01  -1.497e+01   2.874e+01  -8.329e+01
 -9.026e+03  -2.123e+03  -3.398e+03   4.307e+03   3.149e+01  -8.737e+01
 -1.360e+04  -3.211e+03  -5.138e+03   6.577e+03   3.957e+01  -1.030e+02
Element    34
  1.795e+04   2.115e+03   6.064e+03  -6.192e+03   3.786e+01  -1.659e+02
  1.159e+04   1.338e+03   3.866e+03  -4.050e+03   2.216e+01  -1.193e+02
 -3.451e+02  -7.147e+01  -2.430e+02  -1.101e+01   9.431e-01  -5.621e+01
 -1.212e+04  -1.396e+03  -4.276e+03   4.001e+03  -9.106e+00  -2.600e+01
 -1.828e+04  -2.061e+03  -6.374e+03   6.107e+03  -9.905e+00  -2.333e+01
Element    35
  2.163e+04   8.739e+02   6.808e+03  -4.363e+03   2.775e-01  -1.269e+02
  1.397e+04   5.083e+02   4.325e+03  -2.852e+03  -7.232e+00  -8.778e+01
 -3.872e+02  -1.067e+02  -3.087e+02  -5.759e+00  -1.781e+01  -3.194e+01
 -1.454e+04  -6.196e+02  -4.844e+03   2.818e+03  -2.360e+01  -1.632e-01
 -2.191e+04  -8.490e+02  -7.197e+03   4.299e+03  -2.473e+01   6.902e+00
Element    36
  2.365e+04   1.048e+02   7.215e+03  -1.570e+03  -2.399e+01  -4.768e+01
  1.528e+04  -4.442e+00   4.582e+03  -1.026e+03  -2.481e+01  -3.225e+01
 -4.116e+02  -1.268e+02  -3.237e+02  -1.557e+00  -2.591e+01  -9.741e+00
 -1.586e+04  -1.382e+02  -5.119e+03   1.015e+03  -2.643e+01   3.937e+00
 -2.391e+04  -9.953e+01  -7.605e+03   1.547e+03  -2.647e+01   7.595e+00
Element    37
  4.800e+01  -3.466e+04  -1.114e+04   2.380e+03   4.109e+02  -1.296e-01
 -1.077e+01  -2.251e+04  -7.447e+03   1.575e+03   1.939e+02   1.356e+01
  6.319e+00   8.022e+02  -3.261e+02   3.974e+01  -2.297e+02   4.031e+01
  1.916e+02   2.448e+04   6.963e+03  -1.509e+03  -6.691e+02   6.811e+01
  3.572e+02   3.712e+04   1.088e+04  -2.331e+03  -9.074e+02   8.319e+01
Element    38
 -1.028e+03  -2.831e+04  -1.020e+04   5.828e+03   4.715e+02  -7.559e+01
 -7.209e+02  -1.840e+04  -6.911e+03   3.837e+03   1.087e+02  -3.192e+00
 -3.197e+01   6.198e+02  -5.708e+02   3.926e+01  -6.066e+02   1.395e+02
  7.963e+02   1.992e+04   5.907e+03  -3.788e+03  -1.358e+03   2.894e+02
  1.289e+03   3.022e+04   9.379e+03  -5.819e+03  -1.769e+03   3.713e+02
Element    39
 -2.247e+03  -1.907e+04  -7.496e+03   6.711e+03  -8.252e+01  -8.141e+00
 -1.533e+03  -1.244e+04  -5.126e+03   4.442e+03  -3.564e+02   8.564e+01
 -1.065e+02   2.465e+02  -5.664e+02   1.190e+02  -9.044e+02   2.732e+02
  1.413e+03   1.311e+04   4.082e+03  -4.234e+03  -1.490e+03   4.736e+02
  2.253e+03   1.996e+04   6.569e+03  -6.542e+03  -1.814e+03   5.845e+02
Element    40
 -2.592e+03  -1.005e+04  -4.231e+03   5.185e+03  -6.214e+02   2.861e+02
 -1.774e+03  -6.604e+03  -2.794e+03   3.475e+03  -6.850e+02   3.172e+02
 -1.892e+02  -1.103e+01  -4.060e+01   2.191e+02  -8.251e+02   3.857e+02
  1.440e+03   6.653e+03   2.751e+03  -3.053e+03  -9.905e+02   4.668e+02
  2.318e+03   1.020e+04   4.239e+03  -4.786e+03  -1.088e+03   5.146e+02
Element    41
 -1.674e+03  -3.302e+03  -9.806e+02   2.381e+03  -7.903e+02   5.110e+02
 -1.177e+03  -2.180e+03  -4.602e+02   1.629e+03  -6.651e+02   4.255e+02
 -2.273e+02  -4.182e+01   5.284e+02   2.016e+02  -4.351e+02   2.684e+02
  7.310e+02   2.109e+03   1.520e+03  -1.231e+03  -2.148e+02   1.176e+02
  1.240e+03   3.249e+03   2.044e+03  -1.988e+03  -1.024e+02   4.073e+01
Element    42
  5.309e+02   1.033e+03   1.407e+03  -7.506e+02  -4.967e+02   4.367e+02
  2.685e+02   6.925e+02   1.169e+03  -4.487e+02  -3.673e+02   3.219e+02
 -2.329e+02   4.299e+01   7.097e+02   1.242e+02  -1.192e+02   1.018e+02
 -7.392e+02  -6.116e+02   2.422e+02   6.976e+02   1.326e+02  -1.216e+02
 -1.008e+03  -9.589e+02  -7.891e+00   1.000e+03   2.670e+02  -2.407e+02
Element    43
  4.023e+03   3.339e+03   2.979e+03  -3.685e+03  -1.996e+02   2.356e+02
  2.554e+03   2.207e+03   2.136e+03  -2.397e+03  -1.237e+02   1.476e+02
 -2.282e+02   6.488e+01   5.381e+02   4.360e+01   3.071e+01  -3.109e+01
 -3.005e+03  -2.073e+03  -1.061e+03   2.481e+03   1.987e+02  -2.252e+02
 -4.468e+03  -3.199e+03  -1.905e+03   3.766e+03   2.927e+02  -3.339e+02
Element    44
  8.488e+03   3.960e+03   4.197e+03  -5.815e+03  -8.719e+00   1.308e+01
  5.467e+03   2.602e+03   2.824e+03  -3.805e+03   1.103e+01  -1.717e+01
 -2.298e+02   5.135e+01   2.373e+02  -4.839e+00   6.212e+01  -9.495e+01
 -5.887e+03  -2.470e+03  -2.330e+03   3.783e+03   1.311e+02  -1.995e+02
 -8.855e+03  -3.788e+03  -3.676e+03   5.777e+03   1.747e+02  -2.654e+02
Element    45
  1.341e+04   3.366e+03   5.221e+03  -6.734e+03   6.246e+01  -1.378e+02
  8.664e+03   2.187e+03   3.392e+03  -4.410e+03   5.095e+01  -1.157e+02
 -2.559e+02  -1.258e+00  -3.974e+01  -2.139e+01   4.179e+01  -9.958e+01
 -9.082e+03  -2.131e+03  -3.423e+03   4.344e+03   4.922e+01  -1.171e+02
 -1.370e+04  -3.230e+03  -5.189e+03   6.638e+03   5.982e+01  -1.398e+02
Element    46
  1.805e+04   2.144e+03   6.134e+03  -6.215e+03   5.141e+01  -1.939e+02
  1.167e+04   1.365e+03   3.925e+03  -4.068e+03   3.443e+01  -1.451e+02
 -2.891e+02  -4.702e+01  -2.043e+02  -2.025e+01   1.079e+01  -7.788e+01
 -1.209e+04  -1.374e+03  -4.258e+03   4.000e+03  -1.658e+00  -4.360e+01
 -1.826e+04  -2.040e+03  -6.366e+03   6.110e+03  -3.712e+00  -3.880e+01
Element    47
  2.166e+04   8.935e+02   6.832e+03  -4.362e+03   1.252e+01  -1.589e+02
  1.401e+04   5.284e+02   4.352e+03  -2.854e+03   2.905e+00  -1.134e+02
 -3.225e+02  -8.571e+01  -2.751e+02  -1.248e+01  -1.166e+01  -4.569e+01
 -1.445e+04  -5.977e+02  -4.804e+03   2.807e+03  -2.143e+01  -2.052e+00
 -2.181e+04  -8.267e+02  -7.154e+03   4.285e+03  -2.465e+01   1.126e+01
Element    48
  2.363e+04   1.272e+02   7.219e+03  -1.567e+03  -1.868e+01  -6.037e+01
  1.529e+04   1.831e+01   4.596e+03  -1.025e+03  -2.037e+01  -4.245e+01
 -3.408e+02  -1.036e+02  -2.912e+02  -4.233e+00  -2.312e+01  -1.522e+01
 -1.573e+04  -1.149e+02  -5.069e+03   1.008e+03  -2.530e+01   3.193e+00
 -2.375e+04  -7.629e+01  -7.545e+03   1.538e+03  -2.621e+01   9.351e+00
Element    49
  1.347e+02  -3.372e+04  -1.075e+04   2.263e+03   2.526e+02   7.819e+00
  7.852e+01  -2.202e+04  -7.072e+03   1.489e+03   1.394e+02   1.398e+01
  9.512e+01   4.253e+02   1.435e+01   1.180e+01  -8.603e+01   2.635e+01
  2.730e+02   2.322e+04   7.262e+03  -1.478e+03  -3.255e+02   3.964e+01
  4.318e+02   3.539e+04   1.115e+04  -2.268e+03  -4.574e+02   4.702e+01
Element    50
 -9.756e+02  -2.842e+04  -9.744e+03   5.844e+03   5.865e+02  -1.122e+02
 -6.700e+02  -1.857e+04  -6.500e+03   3.865e+03   2.782e+02  -5.220e+01
  1.480e+01   3.266e+02  -2.470e+02   9.133e+01  -3.333e+02   6.691e+01
  8.379e+02   1.950e+04   6.141e+03  -3.712e+03  -9.802e+02   1.931e+02
  1.328e+03   2.974e+04   9.566e+03  -5.730e+03  -1.336e+03   2.624e+02
Element    51
 -2.282e+03  -1.977e+04  -7.804e+03   6.945e+03   2.619e+02  -9.144e+01
 -1.544e+03  -1.292e+04  -5.266e+03   4.601e+03  -4.868e+00  -2.124e+00
 -7.148e+01   1.916e+02  -3.850e+02   1.365e+02  -5.402e+02   1.772e+02
  1.497e+03   1.348e+04   4.586e+03  -4.359e+03  -1.114e+03   3.697e+02
  2.363e+03   2.056e+04   7.245e+03  -6.742e+03  -1.433e+03   4.765e+02
Element    52
 -2.783e+03  -1.089e+04  -4.783e+03   5.602e+03  -3.179e+02   1.306e+02
 -1.890e+03  -7.130e+03  -3.209e+03   3.736e+03  -4.072e+02   1.735e+02
 -1.601e+02   5.363e+01  -1.938e+02   1.853e+02  -5.977e+02   2.654e+02
  1.620e+03   7.315e+03   2.864e+03  -3.384e+03  -8.161e+02   3.710e+02
  2.578e+03   1.118e+04   4.495e+03  -5.274e+03  -9.425e+02   4.323e+02
Element    53
 -1.873e+03  -3.699e+03  -1.654e+03   2.675e+03  -5.943e+02   3.818e+02
 -1.310e+03  -2.424e+03  -1.020e+03   1.822e+03  -5.390e+02   3.437e+02
 -2.322e+02   5.544e+00   1.877e+02   1.991e+02  -4.428e+02   2.772e+02
  8.572e+02   2.451e+03   1.403e+03  -1.429e+03  -3.578e+02   2.181e+02
  1.437e+03   3.748e+03   2.046e+03  -2.289e+03  -3.175e+02   1.900e+02
Element    54
  4.988e+02   1.013e+03   1.006e+03  -7.338e+02  -5.354e+02   4.627e+02
  2.364e+02   6.726e+02   8.072e+02  -4.321e+02  -4.184e+02   3.587e+02
 -2.645e+02   2.365e+01   4.237e+02   1.401e+02  -1.937e+02   1.590e+02
 -7.701e+02  -6.301e+02   3.231e+01   7.129e+02   3.481e+01  -4.407e+01
 -1.039e+03  -9.769e+02  -1.773e+02   1.015e+03   1.569e+02  -1.525e+02
Element    55
  4.144e+03   3.440e+03   2.962e+03  -3.803e+03  -2.691e+02   3.103e+02
  2.621e+03   2.268e+03   2.073e+03  -2.469e+03  -1.876e+02   2.171e+02
 -2.639e+02   4.992e+01   3.885e+02   5.978e+01  -2.244e+01   2.810e+01
 -3.143e+03  -2.164e+03  -1.298e+03   2.585e+03   1.568e+02  -1.768e+02
 -4.660e+03  -3.329e+03  -2.187e+03   3.917e+03   2.569e+02  -2.914e+02
Element    56
  8.709e+03   4.043e+03   4.373e+03  -5.977e+03  -5.102e+01   8.122e+01
  5.601e+03   2.647e+03   2.922e+03  -3.910e+03  -2.255e+01   3.895e+01
 -2.592e+02   2.349e+01   1.865e+02  -4.070e-01   4.539e+01  -6.210e+01
 -6.079e+03  -2.570e+03  -2.529e+03   3.896e+03   1.317e+02  -1.905e+02
 -9.132e+03  -3.926e+03  -3.954e+03   5.947e+03   1.845e+02  -2.693e+02
Element    57
  1.362e+04   3.396e+03   5.504e+03  -6.846e+03   5.530e+01  -1.194e+02
  8.798e+03   2.200e+03   3.582e+03  -4.485e+03   4.749e+01  -1.017e+02
 -2.633e+02  -2.251e+01  -2.489e+01  -2.801e+01   4.551e+01  -9.417e+01
 -9.230e+03  -2.185e+03  -3.583e+03   4.406e+03   6.029e+01  -1.206e+02
 -1.392e+04  -3.302e+03  -5.441e+03   6.736e+03   7.485e+01  -1.483e+02
Element    58
  1.818e+04   2.128e+03   6.418e+03  -6.269e+03   6.144e+01  -2.105e+02
  1.176e+04   1.344e+03   4.123e+03  -4.107e+03   4.456e+01  -1.578e+02
 -2.828e+02  -7.812e+01  -1.693e+02  -3.028e+01   2.115e+01  -8.309e+01
 -1.217e+04  -1.415e+03  -4.386e+03   4.019e+03   8.997e+00  -4.156e+01
 -1.838e+04  -2.086e+03  -6.579e+03   6.144e+03   7.118e+00  -3.301e+01
Element    59
  2.170e+04   8.622e+02   7.103e+03  -4.375e+03   2.008e+01  -1.850e+02
  1.405e+04   4.970e+02   4.544e+03  -2.866e+03   1.102e+01  -1.331e+02
 -3.034e+02  -1.175e+02  -2.326e+02  -2.097e+01  -2.497e+00  -5.325e+01
 -1.444e+04  -6.302e+02  -4.911e+03   2.801e+03  -1.122e+01   2.537e+00
 -2.182e+04  -8.596e+02  -7.340e+03   4.281e+03  -1.389e+01   2.225e+01
Element    60
  2.361e+04   9.058e+01   7.471e+03  -1.567e+03  -1.515e+01  -7.185e+01
  1.529e+04  -1.787e+01   4.776e+03  -1.026e+03  -1.528e+01  -5.071e+01
 -3.174e+02  -1.394e+02  -2.510e+02  -7.036e+00  -1.509e+01  -1.739e+01
 -1.568e+04  -1.509e+02  -5.168e+03   1.004e+03  -1.432e+01   7.116e+00
 -2.369e+04  -1.127e+02  -7.718e+03   1.533e+03  -1.368e+01   1.649e+01
Element    61
 -6.467e+01  -3.250e+04  -1.061e+04   2.189e+03   3.121e+02  -3.043e+01
 -1.190e+02  -2.112e+04  -6.933e+03   1.435e+03   1.973e+02  -1.520e+01
 -1.024e+02   7.271e+02   1.613e+02  -3.214e+00  -3.084e+01   1.436e+01
  7.052e+01   2.291e+04   7.412e+03  -1.453e+03  -2.727e+02   4.483e+01
  2.248e+02   3.475e+04   1.130e+04  -2.223e+03  -4.058e+02   6.126e+01
Element    62
 -1.083e+03  -2.777e+04  -9.733e+03   5.651e+03   6.253e+02  -1.391e+02
 -7.807e+02  -1.804e+04  -6.418e+03   3.696e+03   3.772e+02  -8.227e+01
 -1.036e+02   6.321e+02  -3.208e+01  -3.182e+01  -1.191e+02   3.056e+01
  7.091e+02   1.958e+04   6.486e+03  -3.789e+03  -6.495e+02   1.502e+02
  1.192e+03   2.968e+04   9.978e+03  -5.783e+03  -9.430e+02   2.160e+02
Element    63
 -2.398e+03  -1.998e+04  -7.828e+03   6.970e+03   4.804e+02  -1.918e+02
 -1.642e+03  -1.297e+04  -5.222e+03   4.570e+03   2.267e+02  -9.954e+01
 -1.325e+02   4.493e+02  -2.136e+02  -3.547e+00  -2.843e+02   8.565e+01
  1.475e+03   1.405e+04   4.887e+03  -4.608e+03  -8.347e+02   2.842e+02
  2.363e+03   2.130e+04   7.615e+03  -7.049e+03  -1.141e+03   3.944e+02
Element    64
 -2.956e+03  -1.137e+04  -5.191e+03   5.805e+03   2.338e+01  -3.728e+01
 -2.007e+03  -7.375e+03  -3.473e+03   3.822e+03  -1.111e+02   3.298e+01
 -1.680e+02   2.560e+02  -1.808e+02   4.775e+01  -3.886e+02   1.774e+02
  1.724e+03   7.970e+03   3.158e+03  -3.746e+03  -6.959e+02   3.364e+02
  2.744e+03   1.207e+04   4.938e+03  -5.755e+03  -8.700e+02   4.262e+02
Element    65
 -2.081e+03  -4.070e+03  -2.146e+03   2.911e+03  -3.660e+02   2.202e+02
 -1.442e+03  -2.630e+03  -1.403e+03   1.944e+03  -3.577e+02   2.160e+02
 -2.200e+02   1.151e+02   1.340e+01   1.068e+02  -3.519e+02   2.148e+02
  1.017e+03   2.879e+03   1.441e+03  -1.736e+03  -3.590e+02   2.221e+02
  1.675e+03   4.345e+03   2.198e+03  -2.711e+03  -3.679e+02   2.294e+02
Element    66
  4.010e+02   9.294e+02   6.451e+02  -6.334e+02  -4.223e+02   3.637e+02
  1.684e+02   6.273e+02   4.890e+02  -3.664e+02  -3.491e+02   2.982e+02
 -2.752e+02   5.200e+01   1.889e+02   1.403e+02  -2.076e+02   1.718e+02
 -7.222e+02  -5.269e+02  -1.165e+02   6.475e+02  -6.272e+01   4.241e+01
 -9.593e+02  -8.337e+02  -2.797e+02   9.153e+02   1.507e+01  -2.704e+01
Element    67
  4.203e+03   3.514e+03   2.890e+03  -3.832e+03  -2.588e+02   3.041e+02
  2.637e+03   2.309e+03   1.965e+03  -2.460e+03  -1.927e+02   2.245e+02
 -3.268e+02   2.816e+01   2.121e+02   1.384e+02  -5.633e+01   6.118e+01
 -3.285e+03  -2.247e+03  -1.541e+03   2.734e+03   9.444e+01  -1.186e+02
 -4.843e+03  -3.446e+03  -2.466e+03   4.102e+03   1.798e+02  -2.200e+02
Element    68
  8.842e+03   4.152e+03   4.579e+03  -6.020e+03  -4.511e+01   8.799e+01
  5.646e+03   2.717e+03   3.029e+03  -3.895e+03  -2.562e+01   5.205e+01
 -3.796e+02   1.956e+01   1.061e+02   1.247e+02   2.566e+01  -3.750e+01
 -6.363e+03  -2.646e+03  -2.796e+03   4.131e+03   9.568e+01  -1.551e+02
 -9.503e+03  -4.040e+03  -4.318e+03   6.239e+03   1.402e+02  -2.285e+02
Element    69
  1.370e+04   3.491e+03   5.847e+03  -6.840e+03   7.361e+01  -1.254e+02
  8.792e+03   2.271e+03   3.803e+03  -4.433e+03   5.767e+01  -1.038e+02
 -4.452e+02   4.954e+00  -3.523e+01   1.105e+02   4.044e+01  -8.937e+01
 -9.585e+03  -2.200e+03  -3.824e+03   4.631e+03   4.022e+01  -1.094e+02
 -1.437e+04  -3.339e+03  -5.802e+03   7.006e+03   4.696e+01  -1.338e+02
Element    70
  1.812e+04   2.224e+03   6.812e+03  -6.205e+03   8.665e+01  -2.397e+02
  1.164e+04   1.432e+03   4.392e+03  -4.023e+03   6.066e+01  -1.797e+02
 -5.167e+02  -2.823e+00  -1.376e+02   9.172e+01   2.004e+01  -9.146e+01
 -1.252e+04  -1.352e+03  -4.590e+03   4.179e+03  -9.274e+00  -3.651e+01
 -1.879e+04  -2.030e+03  -6.907e+03   6.324e+03  -2.018e+01  -2.095e+01
Element    71
  2.147e+04   9.743e+02   7.483e+03  -4.302e+03   4.245e+01  -2.148e+02
  1.380e+04   6.083e+02   4.808e+03  -2.789e+03   2.476e+01  -1.558e+02
 -5.804e+02  -7.649e+00  -1.882e+02   6.274e+01  -5.116e+00  -6.247e+01
 -1.475e+04  -5.217e+02  -5.086e+03   2.892e+03  -3.019e+01   6.764e+00
 -2.215e+04  -7.518e+02  -7.630e+03   4.375e+03  -4.149e+01   3.357e+01
Element    72
  2.328e+04   2.213e+02   7.835e+03  -1.536e+03   1.425e+00  -8.445e+01
  1.496e+04   1.131e+02   5.030e+03  -9.955e+02  -6.187e+00  -6.043e+01
 -6.174e+02  -8.107e+00  -2.032e+02   2.217e+01  -2.017e+01  -2.163e+01
 -1.596e+04  -1.970e+01  -5.327e+03   1.031e+03  -3.359e+01   8.375e+00
 -2.396e+04   1.835e+01  -7.986e+03   1.560e+03  -4.043e+01   2.066e+01
Element    73
  4.349e+02  -3.016e+04  -8.443e+03   2.042e+03   3.218e+02   1.345e+02
  3.813e+02  -1.928e+04  -5.513e+03   1.322e+03   2.401e+02   1.279e+02
  3.957e+02   1.601e+03   1.561e+02  -5.168e+01   7.539e+01   1.161e+02
  5.621e+02   2.281e+04   5.977e+03  -1.437e+03  -1.023e+02   1.051e+02
  7.112e+02   3.414e+04   9.109e+03  -2.173e+03  -2.013e+02   9.969e+01
Element    74
 -5.984e+02  -2.610e+04  -7.735e+03   5.389e+03   7.802e+02  -2.119e+01
 -3.069e+02  -1.667e+04  -5.084e+03   3.495e+03   5.721e+02   9.630e+00
  3.479e+02   1.423e+03   4.161e+01  -1.170e+02   1.522e+02   7.312e+01
  1.136e+03   1.979e+04   5.297e+03  -3.758e+03  -3.010e+02   1.433e+02
  1.606e+03   2.959e+04   8.121e+03  -5.691e+03  -5.535e+02   1.829e+02
Element    75
 -1.973e+03  -1.914e+04  -6.349e+03   6.762e+03   7.486e+02  -1.532e+02
 -1.225e+03  -1.220e+04  -4.207e+03   4.385e+03   5.394e+02  -9.019e+01
  2.684e+02   1.101e+03  -7.706e+01  -1.443e+02   1.129e+02   3.945e+01
  1.861e+03   1.458e+04   4.145e+03  -4.705e+03  -3.531e+02   1.825e+02
  2.740e+03   2.176e+04   6.409e+03  -7.123e+03  -6.148e+02   2.633e+02
Element    76
 -2.725e+03  -1.123e+04  -4.300e+03   5.817e+03   3.615e+02  -1.204e+02
 -1.752e+03  -7.129e+03  -2.864e+03   3.782e+03   2.470e+02  -6.913e+01
  1.359e+02   7.030e+02  -1.068e+02  -9.178e+01   6.256e+00   3.980e+01
  2.079e+03   8.621e+03   2.699e+03  -3.986e+03  -2.656e+02   1.641e+02
  3.126e+03   1.283e+04   4.198e+03  -6.048e+03  -4.215e+02   2.358e+02
Element    77
 -2.047e+03  -4.187e+03  -1.959e+03   3.033e+03  -4.600e+01   5.359e+01
 -1.359e+03  -2.635e+03  -1.299e+03   1.991e+03  -4.475e+01   5.013e+01
 -4.241e+01   3.236e+02  -3.719e+01   1.039e+01  -5.325e+01   5.084e+01
  1.291e+03   3.304e+03   1.236e+03  -1.976e+03  -7.598e+01   6.106e+01
  2.000e+03   4.885e+03   1.913e+03  -3.027e+03  -9.372e+01   7.029e+01
Element    78
  2.909e+02   7.503e+02   3.540e+02  -5.109e+02  -2.406e+02   1.980e+02
  1.009e+02   5.032e+02   2.487e+02  -2.925e+02  -1.695e+02   1.355e+02
 -2.614e+02   3.243e+01   4.525e+01   1.219e+02  -3.250e+01   1.504e+01
 -6.269e+02  -4.416e+02  -1.631e+02   5.367e+02   1.073e+02  -1.079e+02
 -8.209e+02  -6.929e+02  -2.750e+02   7.558e+02   1.822e+02  -1.737e+02
Element    79
  4.017e+03   3.316e+03   2.299e+03  -3.750e+03  -1.912e+02   1.688e+02
  2.457e+03   2.116e+03   1.529e+03  -2.383e+03  -1.224e+02   9.336e+01
 -4.948e+02  -1.539e+02   6.869e+01   2.040e+02   1.920e+01  -6.247e+01
 -3.441e+03  -2.419e+03  -1.392e+03   2.788e+03   1.754e+02  -2.350e+02
 -4.993e+03  -3.611e+03  -2.162e+03   4.151e+03   2.637e+02  -3.327e+02
Element    80
  8.531e+03   3.882e+03   3.790e+03  -5.924e+03  -6.335e+01  -4.666e+00
  5.324e+03   2.442e+03   2.484e+03  -3.792e+03  -3.150e+01  -4.559e+01
 -7.212e+02  -2.631e+02   2.382e+01   2.403e+02   4.352e+01  -1.451e+02
 -6.724e+03  -2.937e+03  -2.415e+03   4.259e+03   1.377e+02  -2.733e+02
 -9.874e+03  -4.335e+03  -3.694e+03   6.374e+03   1.951e+02  -3.525e+02
Element    81
  1.316e+04   3.150e+03   4.871e+03  -6.684e+03   1.395e+01  -2.066e+02
  8.273e+03   1.936e+03   3.160e+03  -4.288e+03   1.183e+01  -1.897e+02
 -9.235e+02  -3.195e+02  -4.587e+01   2.346e+02   2.100e+01  -1.842e+02
 -1.002e+04  -2.513e+03  -3.203e+03   4.734e+03   4.743e+01  -2.138e+02
 -1.478e+04  -3.646e+03  -4.848e+03   7.097e+03   6.832e+01  -2.434e+02
Element    82
  1.728e+04   1.847e+03   5.629e+03  -6.013e+03  -2.017e+00  -3.059e+02
  1.090e+04   1.067e+03   3.630e+03  -3.862e+03  -1.372e+01  -2.498e+02
 -1.091e+03  -3.484e+02  -1.019e+02   1.948e+02  -2.721e+01  -1.692e+02
 -1.292e+04  -1.678e+03  -3.757e+03   4.223e+03  -2.934e+01  -1.220e+02
 -1.910e+04  -2.345e+03  -5.655e+03   6.337e+03  -2.588e+01  -1.106e+02
Element    83
  2.036e+04   6.021e+02   6.122e+03  -4.140e+03  -6.711e+01  -2.631e+02
  1.286e+04   2.433e+02   3.937e+03  -2.660e+03  -7.049e+01  -2.053e+02
 -1.210e+03  -3.597e+02  -1.310e+02   1.282e+02  -7.325e+01  -1.140e+02
 -1.507e+04  -8.615e+02  -4.102e+03   2.894e+03  -7.123e+01  -4.676e+01
 -2.230e+04  -1.085e+03  -6.159e+03   4.344e+03  -6.823e+01  -2.100e+01
Element    84
  2.200e+04  -1.384e+02   6.371e+03  -1.473e+03  -1.196e+02  -1.025e+02
  1.390e+04  -2.447e+02   4.094e+03  -9.463e+02  -1.127e+02  -7.848e+01
 -1.273e+03  -3.636e+02  -1.395e+02   4.486e+01  -9.930e+01  -3.960e+01
 -1.621e+04  -3.741e+02  -4.266e+03   1.028e+03  -8.529e+01  -9.470e+00
 -2.400e+04  -3.360e+02  -6.399e+03   1.542e+03  -7.767e+01   2.900e+00
Element    85
 -1.357e+02  -3.085e+04  -3.099e+03   2.047e+03   1.934e+02   1.350e+02
 -1.911e+02  -2.073e+04  -2.060e+03   1.378e+03   1.635e+02   1.415e+02
 -1.818e+02  -1.305e+03   2.313e+01   1.002e+02   9.757e+01   1.545e+02
 -2.294e+01   1.845e+04   2.255e+03  -1.189e+03   1.940e+01   1.683e+02
  1.212e+02   2.900e+04   3.493e+03  -1.874e+03  -2.674e+01   1.758e+02
Element    86
 -1.091e+03  -2.690e+04  -2.872e+03   5.421e+03   4.124e+02   5.098e+01
 -8.218e+02  -1.804e+04  -1.914e+03   3.643e+03   3.637e+02   6.503e+01
 -2.102e+02  -1.033e+03  -1.432e+00   2.497e+02   2.475e+02   9.643e+01
  5.332e+02   1.624e+04   2.038e+03  -3.172e+03   9.989e+01   1.341e+02
  9.784e+02   2.546e+04   3.165e+03  -4.989e+03   9.391e+00   1.564e+02
Element    87
 -2.394e+03  -2.002e+04  -2.369e+03   6.923e+03   3.057e+02   2.098e+00
 -1.680e+03  -1.337e+04  -1.584e+03   4.646e+03   3.099e+02   4.271e+00
 -2.508e+02  -6.277e+02  -2.890e+01   3.067e+02   2.890e+02   1.823e+01
  1.276e+03   1.230e+04   1.613e+03  -4.065e+03   2.301e+02   4.507e+01
  2.120e+03   1.919e+04   2.514e+03  -6.383e+03   1.837e+02   6.442e+01
Element    88
 -3.081e+03  -1.196e+04  -1.660e+03   6.066e+03  -5.030e+01   9.668e+01
 -2.126e+03  -7.940e+03  -1.109e+03   4.070e+03   5.995e+01   4.477e+01
 -2.751e+02  -2.532e+02  -3.194e+01   2.706e+02   2.456e+02  -4.213e+01
  1.630e+03   7.520e+03   1.086e+03  -3.550e+03   4.006e+02  -1.140e+02
  2.656e+03   1.165e+04   1.692e+03  -5.574e+03   4.701e+02  -1.458e+02
Element    89
 -2.324e+03  -4.599e+03  -7.680e+02   3.266e+03  -4.001e+02   2.993e+02
 -1.620e+03  -3.015e+03  -5.089e+02   2.204e+03  -1.978e+02   1.651e+02
 -2.773e+02   3.475e+00  -1.497e+01   1.859e+02   1.747e+02  -8.182e+01
  1.079e+03   3.041e+03   4.824e+02  -1.839e+03   5.327e+02  -3.191e+02
  1.800e+03   4.651e+03   7.462e+02  -2.910e+03   7.158e+02  -4.404e+02
Element    90
  2.086e+02   7.254e+02   1.121e+02  -4.385e+02  -5.341e+02   4.593e+02
  5.569e+01   5.270e+02   7.904e+01  -2.599e+02  -3.089e+02   2.612e+02
 -2.394e+02   1.456e+02   5.933e+00   7.884e+01   1.201e+02  -1.161e+02
 -5.413e+02  -2.429e+02  -8.080e+01   4.180e+02   5.517e+02  -4.959e+02
 -7.034e+02  -4.506e+02  -1.320e+02   5.971e+02   7.805e+02  -6.971e+02
Element    91
  4.215e+03   3.556e+03   8.923e+02  -3.857e+03  -4.493e+02   4.579e+02
  2.711e+03   2.400e+03   5.891e+02  -2.538e+03  -2.695e+02   2.505e+02
 -1.400e+02   2.099e+02   8.834e+00  -3.893e+01   8.255e+01  -1.556e+02
 -2.988e+03  -1.978e+03  -5.788e+02   2.457e+03   4.494e+02  -5.785e+02
 -4.489e+03  -3.132e+03  -8.917e+02   3.773e+03   6.489e+02  -8.084e+02
Element    92
  9.018e+03   4.244e+03   1.485e+03  -6.133e+03  -2.657e+02   2.888e+02
  5.905e+03   2.847e+03   9.651e+02  -4.063e+03  -1.643e+02   1.330e+02
  3.577e+01   2.227e+02  -7.677e+00  -1.490e+02   4.286e+01  -1.845e+02
 -5.792e+03  -2.372e+03  -9.641e+02   3.751e+03   2.693e+02  -5.309e+02
 -8.850e+03  -3.729e+03  -1.462e+03   5.803e+03   3.965e+02  -7.253e+02
Element    93
  1.385e+04   3.539e+03   1.904e+03  -6.889e+03  -1.238e+02   6.906e+01
  9.132e+03   2.367e+03   1.223e+03  -4.580e+03  -8.789e+01  -9.919e+00
  2.683e+02   1.939e+02  -3.242e+01  -2.216e+02  -6.620e+00  -1.863e+02
 -8.498e+03  -1.919e+03  -1.241e+03   4.113e+03   9.187e+01  -3.976e+02
 -1.308e+04  -3.008e+03  -1.859e+03   6.389e+03   1.508e+02  -5.232e+02
Element    94
  1.805e+04   2.239e+03   2.182e+03  -6.156e+03  -7.166e+01  -8.981e+01
  1.195e+04   1.492e+03   1.390e+03  -4.102e+03  -6.989e+01  -1.038e+02
  5.088e+02   1.397e+02  -5.344e+01  -2.309e+02  -5.796e+01  -1.556e+02
 -1.078e+04  -1.127e+03  -1.421e+03   3.612e+03  -3.480e+01  -2.404e+02
 -1.667e+04  -1.760e+03  -2.112e+03   5.628e+03  -1.806e+01  -2.985e+02
Element    95
  2.114e+04   9.993e+02   2.353e+03  -4.215e+03  -8.495e+01  -1.235e+02
  1.403e+04   6.559e+02   1.492e+03  -2.813e+03  -9.072e+01  -1.097e+02
  7.020e+02   8.232e+01  -6.574e+01  -1.721e+02  -9.807e+01  -1.016e+02
 -1.242e+04  -3.901e+02  -1.526e+03   2.446e+03  -1.007e+02  -1.170e+02
 -1.925e+04  -5.985e+02  -2.258e+03   3.819e+03  -1.003e+02  -1.346e+02
Element    96
  2.277e+04   2.664e+02   2.427e+03  -1.495e+03  -1.102e+02  -5.515e+01
  1.512e+04   1.620e+02   1.536e+03  -9.981e+02  -1.138e+02  -4.642e+01
  8.079e+02   4.684e+01  -7.121e+01  -6.338e+01  -1.201e+02  -3.638e+01
 -1.327e+04   4.005e+01  -1.570e+03   8.629e+02  -1.259e+02  -3.488e+01
 -2.060e+04   8.014e+01  -2.317e+03   1.348e+03  -1.287e+02  -3.753e+01

		 *** Successful end of program ***
